1000
(
(0.0 ((0 0 0)(2.885506040582685e-15 4.9978430678361145e-15 -59.99999999999999)))
(0.1001001001001001 ((0 0 0)(-1.4780062257615845 -2.5661134241827295 -59.86874516617795)))
(0.2002002002002002 ((0 0 0)(-2.932590535865242 -5.128274736554419 -59.475965003590495)))
(0.3003003003003003 ((0 0 0)(-4.340710555784127 -7.682326651292295 -58.8245902285657)))
(0.4004004004004004 ((0 0 0)(-5.6800756441506595 -10.223710430452723 -57.919432000547744)))
(0.5005005005005005 ((0 0 0)(-6.929504699864255 -12.747287020138401 -56.76707518821028)))
(0.6006006006006006 ((0 0 0)(-8.069263140291241 -15.247183389538046 -55.37573534971201)))
(0.7007007007007008 ((0 0 0)(-9.081373412841392 -17.716670826589368 -53.75508532846453)))
(0.8008008008008008 ((0 0 0)(-9.949894339241549 -20.148080667113007 -51.916058389499)))
(0.9009009009009009 ((0 0 0)(-10.661165568818033 -22.532761486487132 -49.8706354446135)))
(1.001001001001001 ((0 0 0)(-11.204014349090022 -24.861080235857155 -47.63162413614095)))
(1.1011011011011012 ((0 0 0)(-11.569922641299033 -27.122468223873103 -45.21243739985186)))
(1.2012012012012012 ((0 0 0)(-11.753153272995362 -29.30551128480318 -42.62687866088809)))
(1.3013013013013013 ((0 0 0)(-11.750834316827785 -31.398081977132097 -39.8889400999431)))
(1.4014014014014016 ((0 0 0)(-11.5630012306322 -33.38751025472449 -37.01261953122348)))
(1.5015015015015016 ((0 0 0)(-11.192596529688261 -35.26078776849964 -34.01176042581846)))
(1.6016016016016017 ((0 0 0)(-10.645426945333313 -37.00479980963662 -30.899918550763676)))
(1.7017017017017018 ((0 0 0)(-9.930078219937036 -38.60657791537563 -27.69025761935592)))
(1.8018018018018018 ((0 0 0)(-9.05778795852954 -40.05356534904823 -24.39547529332516)))
(1.9019019019019021 ((0 0 0)(-8.042277351658788 -41.333887065853425 -21.02775986260685)))
(2.002002002002002 ((0 0 0)(-6.899543131713503 -42.4366154183354 -17.59877696638262)))
(2.1021021021021022 ((0 0 0)(-5.647611830276379 -43.352022775042734 -14.11968481854042)))
(2.2022022022022023 ((0 0 0)(-4.30625924461512 -44.071812453253905 -10.601175569830804)))
(2.3023023023023024 ((0 0 0)(-2.8966989498744287 -44.589319922936056 -7.053539687454444)))
(2.4024024024024024 ((0 0 0)(-1.4412446430181693 -44.899677129444335 -3.4867495728968207)))
(2.5025025025025025 ((0 0 0)(0.03704800332901514 -44.99993399144923 0.08944191490316213)))
(2.6026026026026026 ((0 0 0)(1.5147535443866889 -44.88913261968999 3.665392796030286)))
(2.702702702702703 ((0 0 0)(2.968456045679255 -44.56833151024311 7.231458226777886)))
(2.802802802802803 ((0 0 0)(4.375128182811944 -44.04057881291906 10.777876887680804)))
(2.902902902902903 ((0 0 0)(5.71250290430283 -43.31083566841808 14.294662708690408)))
(3.0030030030030033 ((0 0 0)(6.959430700481105 -42.38585244998751 17.77150698116648)))
(3.1031031031031033 ((0 0 0)(8.096216079000472 -41.27400244423313 21.197695603183828)))
(3.2032032032032034 ((0 0 0)(9.104927610805397 -39.98507898211412 24.56204576614139)))
(3.3033033033033035 ((0 0 0)(9.969676807288502 -38.53006322491871 27.852865831256803)))
(3.4034034034034035 ((0 0 0)(10.67686203961625 -36.92087068383631 31.057941479697174)))
(3.5035035035035036 ((0 0 0)(11.215374636713921 -35.1700850913015 34.16455046431885)))
(3.6036036036036037 ((0 0 0)(11.576765133116831 -33.290688453692475 37.159507456423306)))
(3.7037037037037037 ((0 0 0)(11.755368335651486 -31.29579601984925 40.02923957715293)))
(3.8038038038038042 ((0 0 0)(11.748386417579917 -29.198404529360587 42.75989223821146)))
(3.9039039039039043 ((0 0 0)(11.555929636032579 -27.011161493226684 45.33746389937458)))
(4.004004004004004 ((0 0 0)(11.18101453380666 -24.746162440404042 47.747967293757846)))
(4.104104104104104 ((0 0 0)(10.62951968025877 -22.414782065421274 49.9776135968049)))
(4.2042042042042045 ((0 0 0)(9.910099190439526 -20.02754405801471 52.01301495323568)))
(4.3043043043043046 ((0 0 0)(9.034054501632282 -17.594033105232832 53.84139977244762)))
(4.404404404404405 ((0 0 0)(8.015165239167144 -15.122851149093151 55.45083431448524)))
(4.504504504504505 ((0 0 0)(6.869480508619427 -12.621618482136475 56.8304433828211)))
(4.604604604604605 ((0 0 0)(5.615072624290351 -10.09701870092515 57.970622487915044)))
(4.704704704704705 ((0 0 0)(4.271756110061205 -7.554884956826113 58.86323371362038)))
(4.804804804804805 ((0 0 0)(2.86077574474296 -5.000323399682238 59.50177775974587)))
(4.904904904904905 ((0 0 0)(1.4044684011535162 -2.437868269015017 59.88153527751228)))
(5.005005005005005 ((0 0 0)(-0.07409563919592638 0.12833817905332875 59.99967165773566)))
(5.105105105105105 ((0 0 0)(-1.5514854165021958 2.6943487419566874 59.85530083582346)))
(5.205205205205205 ((0 0 0)(-3.0042890096414796 5.2562058838447605 59.44950536898705)))
(5.305305305305305 ((0 0 0)(-4.409492883021406 7.809736796719009 58.78531191526855)))
(5.405405405405406 ((0 0 0)(-5.744853522587613 10.350357795426882 57.86762317699604)))
(5.505505505505506 ((0 0 0)(-6.989254348570591 12.872896536453947 56.70310923253954)))
(5.605605605605606 ((0 0 0)(-8.123041496841223 15.371439804140909 55.30006284710898)))
(5.705705705705706 ((0 0 0)(-9.128332875653495 17.839213559408442 53.668224724248304)))
(5.805805805805806 ((0 0 0)(-9.989295845746485 20.268500658901054 51.81858566393031)))
(5.9059059059059065 ((0 0 0)(-10.692389848434823 22.650600198046412 49.7631731959125)))
(6.0060060060060065 ((0 0 0)(-11.226571234096188 24.975830881277172 47.51483045917191)))
(6.106106106106107 ((0 0 0)(-11.583458355809835 27.233579241500518 45.086994931616594)))
(6.206206206206207 ((0 0 0)(-11.757455649073409 29.412391973020636 42.49348413348473)))
(6.306306306306307 ((0 0 0)(-11.745835907378064 31.500110149451533 39.74829470053005)))
(6.406406406406407 ((0 0 0)(-11.548780302716548 33.484041701525655 36.865420320278496)))
(6.506506506506507 ((0 0 0)(-11.16937593177766 35.35116725198365 33.8586930127126)))
(6.606606606606607 ((0 0 0)(-10.613570850966246 37.088373265162446 30.741651171894443)))
(6.706706706706707 ((0 0 0)(-9.890086761521083 38.682705487370704 27.527436710658154)))
(6.806806806806807 ((0 0 0)(-9.010289781456303 40.121634854445794 24.228722597153617)))
(6.906906906906907 ((0 0 0)(-7.988020142499211 41.39332745408158 20.857671059542582)))
(7.007007007007007 ((0 0 0)(-6.8393822058614555 42.48690978599764 17.425921775963786)))
(7.107107107107107 ((0 0 0)(-5.582496903522514 43.39272049726273 13.94460846964838)))
(7.207207207207207 ((0 0 0)(-4.237219557955722 44.10254001354483 10.424401501909342)))
(7.307307307307307 ((0 0 0)(-2.8248269644557737 44.60979006007536 6.8755733084563895)))
(7.407407407407407 ((0 0 0)(-1.3676785687603479 44.90969597294146 3.3080828695136355)))
(7.507507507507508 ((0 0 0)(0.11114254024236636 44.999405925416085 -0.2683251437915696)))
(7.6076076076076085 ((0 0 0)(1.5882023571904977 44.87806269572558 -3.8440113298914564)))
(7.7077077077077085 ((0 0 0)(3.0400954071783524 44.54682531972531 -7.409327696171657)))
(7.807807807807809 ((0 0 0)(4.443823644651254 44.00883982345624 -10.954504190900405)))
(7.907907907907909 ((0 0 0)(5.777167558117106 43.26916012332948 -14.469540829755696)))
(8.008008008008009 ((0 0 0)(7.0190425457427645 42.334622018751844 -17.944110454872405)))
(8.108108108108109 ((0 0 0)(8.149834196204624 41.21367489153467 -21.367476854085357)))
(8.208208208208209 ((0 0 0)(9.151706880953821 39.91617718992151 -24.728432523128177)))
(8.308308308308309 ((0 0 0)(10.008880965555196 38.453162953532065 -28.01525978850727)))
(8.408408408408409 ((0 0 0)(10.707874898552204 36.83658749277888 -31.215718339059258)))
(8.508508508508509 ((0 0 0)(11.237709358717309 35.0790608591717 -34.31706145421954)))
(8.608608608608609 ((0 0 0)(11.590071470317595 33.19357793838365 -37.30608237879287)))
(8.70870870870871 ((0 0 0)(11.759437786159394 31.193253888277717 -40.169191386989795)))
(8.80880880880881 ((0 0 0)(11.743155269866751 29.09107326070659 -42.89252311070899)))
(8.90890890890891 ((0 0 0)(11.541479889029338 26.899660523413836 -45.4620726875044)))
(9.00900900900901 ((0 0 0)(11.157572691194469 24.63107886966902 -47.863858225677546)))
(9.10910910910911 ((0 0 0)(10.59745342632712 22.29666319664311 -50.084106008739646)))
(9.20920920920921 ((0 0 0)(9.869911965042744 19.906891972028276 -52.109453801490794)))
(9.30930930930931 ((0 0 0)(8.98637800631877 17.471301411588474 -53.92716662052367)))
(9.40940940940941 ((0 0 0)(7.96074992795892 14.998443977678848 -55.525358451053094)))
(9.50950950950951 ((0 0 0)(6.80918414657559 12.495891704118394 -56.893212697089)))
(9.60960960960961 ((0 0 0)(5.549847034900521 9.970283288452377 -58.021193714203996)))
(9.70970970970971 ((0 0 0)(4.202632277187854 7.4274123123698095 -58.90124165981163)))
(9.80980980980981 ((0 0 0)(2.7888474833719714 4.872352410809364 -59.52694315676545)))
(9.90990990990991 ((0 0 0)(1.3308748596552558 2.309613776324139 -59.893670929851524)))
(10.01001001001001 ((0 0 0)(-0.14818833876745083 -0.2566758705536268 -59.998686637118084)))
(10.11011011011011 ((0 0 0)(-1.6249030587779165 -2.822573721174651 -59.84120253863432)))
(10.21021021021021 ((0 0 0)(-3.075868323687795 -5.384116301444929 -59.42239934841889)))
(10.31031031031031 ((0 0 0)(-4.478100367394276 -7.9371147904035695 -58.74539949547354)))
(10.41041041041041 ((0 0 0)(-5.809403696775676 -10.47696010961841 -57.81519695237741)))
(10.51051051051051 ((0 0 0)(-7.0487270940129205 -12.998446244025638 -56.63854664422458)))
(10.61061061061061 ((0 0 0)(-8.176498187090914 -15.49561949211116 -55.22381810494594)))
(10.710710710710712 ((0 0 0)(-9.174931040070451 -17.961660281252197 -53.58081940202911)))
(10.810810810810812 ((0 0 0)(-10.028302159840754 -20.38880288677459 -51.72059833534661)))
(10.910910910910912 ((0 0 0)(-10.723191292173766 -22.768296932411086 -49.655228498225)))
(11.011011011011012 ((0 0 0)(-11.248684303300651 -25.090412996584696 -47.397587971622585)))
(11.111111111111112 ((0 0 0)(-11.596536248497788 -27.344493067758133 -44.96113823850929)))
(11.211211211211213 ((0 0 0)(-11.761293376989727 -29.519045036572887 -42.35971041075821)))
(11.311311311311313 ((0 0 0)(-11.74037330320544 -31.601878923989535 -39.60730512309112)))
(11.411411411411413 ((0 0 0)(-11.534102907168116 -33.580281153455516 -36.717911538844966)))
(11.511511511511513 ((0 0 0)(-11.145713754531938 -35.44122190387156 -33.705349896513475)))
(11.611611611611613 ((0 0 0)(-10.581295008394845 -37.17158944796502 -30.583140959780174)))
(11.711711711711713 ((0 0 0)(-9.84970400562483 -38.75844440763681 -27.36440465980222)))
(11.811811811811813 ((0 0 0)(-8.962434951177135 -40.18928606796353 -24.061789166804484)))
(11.911911911911913 ((0 0 0)(-7.933446592563883 -41.45232231412647 -20.687430617980304)))
(12.012012012012013 ((0 0 0)(-6.778950300311698 -42.53673442415078 -17.252942772416)))
(12.112112112112113 ((0 0 0)(-5.517160700539387 -43.432927899376864 -13.76943496982613)))
(12.212212212212213 ((0 0 0)(-4.168011857625887 -44.13276077414872 -10.247555946471879)))
(12.312312312312313 ((0 0 0)(-2.752842938767215 -44.62974143596902 -6.697560318655953)))
(12.412412412412413 ((0 0 0)(-1.2940582396070877 -44.919188910637715 -3.1293938942049335)))
(12.512512512512513 ((0 0 0)(0.18523266798131974 -44.99834980600545 0.44720656990821184)))
(12.612612612612613 ((0 0 0)(1.661588168190719 -44.86646762208587 4.022603964724055)))
(12.712712712712714 ((0 0 0)(3.1116141944466102 -44.52480186111686 7.58714686396523)))
(12.812812812812814 ((0 0 0)(4.512342909244529 -43.97659622700848 11.131056212898466)))
(12.912912912912914 ((0 0 0)(5.841603233349682 -43.22699709589905 14.644317868839638)))
(13.013013013013014 ((0 0 0)(7.078376312134959 -42.282925271332246 18.11658601910384)))
(13.113113113113114 ((0 0 0)(8.203129587756473 -41.152905717518074 21.53710218491565)))
(13.213213213213214 ((0 0 0)(9.198123925977145 -39.846861414601534 24.89463406851478)))
(13.313313313313314 ((0 0 0)(10.047689152339307 -38.37587864292811 28.177437930047677)))
(13.413413413413414 ((0 0 0)(10.738464303541242 -36.751951843965685 31.37324750628794)))
(13.513513513513514 ((0 0 0)(11.259599819006432 -34.987716711711585 34.4692917190724)))
(13.613613613613614 ((0 0 0)(11.602919720346812 -33.096180347989396 37.452342579456186)))
(13.713713713713714 ((0 0 0)(11.763042508881425 -31.0904571908803 40.30879378333766)))
(13.813813813813814 ((0 0 0)(11.737460035103943 -28.983519029369543 43.0247695237)))
(13.913913913913914 ((0 0 0)(11.526573967239793 -26.787966783741535 45.58626202278204)))
(14.014014014014014 ((0 0 0)(11.133689741592422 -24.515830893040487 47.97929522804764)))
(14.114114114114114 ((0 0 0)(10.564968067181407 -22.17840613603165 50.190111040515646)))
(14.214214214214214 ((0 0 0)(9.829334244283455 -19.786125543386806 52.20537338585221)))
(14.314314314314315 ((0 0 0)(8.938345805416906 -17.348476755724782 54.01238444364347)))
(14.414414414414415 ((0 0 0)(7.906019353837845 -14.87396276427015 55.5993064769989)))
(14.514514514514515 ((0 0 0)(6.748617996393478 -12.37010746240037 56.95538202092178)))
(14.614614614614615 ((0 0 0)(5.484401456841558 -9.843504870065848 58.07114476479413)))
(14.714714714714715 ((0 0 0)(4.133341795346201 -7.299909313372061 58.93861336768143)))
(14.814814814814815 ((0 0 0)(2.716808603448049 -4.744362305049131 59.55146072578393)))
(14.914914914914915 ((0 0 0)(1.2572285205056593 -2.1813504447528187 59.905151895444924)))
(15.015015015015017 ((0 0 0)(-0.2222751592095447 0.385012586882801 59.99704495667331)))
(15.115115115115117 ((0 0 0)(-1.6982562404892168 2.950787859319027 59.82645053899212)))
(15.215215215215217 ((0 0 0)(-3.1473256404483356 5.512005446659928 59.39464744613704)))
(15.315315315315317 ((0 0 0)(-4.546530291589422 8.064460025937453 58.70485370200913)))
(15.415415415415417 ((0 0 0)(-5.873723613059419 10.60351668213424 57.76215427198251)))
(15.515515515515517 ((0 0 0)(-7.107920586572164 13.123935350376623 56.57338856075458)))
(15.615615615615617 ((0 0 0)(-8.22963110215978 15.619721546720205 55.147002429321944)))
(15.715715715715717 ((0 0 0)(-9.22116607045905 18.084009963488228 53.49287081052467)))
(15.815815815815817 ((0 0 0)(-10.066911747057915 20.508986197955135 51.62209796766258)))
(15.915915915915917 ((0 0 0)(-10.753568689779573 22.88585041602065 49.546803002781466)))
(16.016016016016017 ((0 0 0)(-11.270352688635445 25.20482519640759 47.279898384626044)))
(16.116116116116117 ((0 0 0)(-11.609155806266914 27.455208219845037 44.83486906547025)))
(16.216216216216218 ((0 0 0)(-11.764666306141546 29.625468914652917 42.225559247422396)))
(16.316316316316318 ((0 0 0)(-11.734446718419276 31.703386685853825 39.4659731107653)))
(16.416416416416418 ((0 0 0)(-11.518969619710191 33.676226969263936 36.57009490031388)))
(16.516516516516518 ((0 0 0)(-11.121610926879775 35.530950087263854 33.55173274622343)))
(16.616616616616618 ((0 0 0)(-10.54860068606933 37.254446758248605 30.42438952814887)))
(16.716716716716718 ((0 0 0)(-9.808931541337003 38.83379314725638 27.201163018203285)))
(16.816816816816818 ((0 0 0)(-8.914225353473528 40.25651756527494 23.894676488159863)))
(16.916916916916918 ((0 0 0)(-7.8785588555347825 41.510870358795835 20.517039958720257)))
(17.017017017017018 ((0 0 0)(-6.718249803323018 42.58608821301402 17.079841315325396)))
(17.117117117117118 ((0 0 0)(-5.45160580673654 43.47264405598091 13.594165624378865)))
(17.217217217217218 ((0 0 0)(-4.098638885205428 44.16247402673997 10.070640164099478)))
(17.31731731731732 ((0 0 0)(-2.6807497266898173 44.649173576992396 6.51950194557566)))
(17.41741741741742 ((0 0 0)(-1.2203865757526033 44.92815571550814 2.95068385463217)))
(17.51751751751752 ((0 0 0)(0.25931544729502165 44.99676565852788 -0.6260849913450798)))
(17.61761761761762 ((0 0 0)(1.7349080667031767 44.85434767577633 -4.201169490003363)))
(17.71771771771772 ((0 0 0)(3.1830095724401586 44.502261656125384 -7.764914497039876)))
(17.81781781781782 ((0 0 0)(4.580683262818382 43.94384877689993 -11.307531685022681)))
(17.91791791791792 ((0 0 0)(5.905807380847683 43.184347552371605 -14.81899251046863)))
(18.01801801801802 ((0 0 0)(7.137429655444328 42.2307633632694 -18.288932302494228)))
(18.11811811811812 ((0 0 0)(8.256100151027907 41.09169623931262 -21.706570162062853)))
(18.21821821821822 ((0 0 0)(9.244176917280267 39.77713310405568 -25.060648903234107)))
(18.31831831831832 ((0 0 0)(10.086099840923614 38.29821183891491 -28.339398691621927)))
(18.41841841841842 ((0 0 0)(10.768629052691681 36.666965347297726 -31.530527355913943)))
(18.51851851851852 ((0 0 0)(11.281045158367009 34.89605428925988 -34.6212395800042)))
(18.61861861861862 ((0 0 0)(11.615309379300918 32.9984973208624 -37.59828633778435)))
(18.71871871871872 ((0 0 0)(11.766182362573014 30.987407533839743 -40.44804501918123)))
(18.81881881881882 ((0 0 0)(11.731300936740471 28.875743382334 -43.15662972262364)))
(18.91891891891892 ((0 0 0)(11.511212455525188 26.676081738924232 -45.71003016503019)))
(19.01901901901902 ((0 0 0)(11.109366622696154 24.4004198745099 -48.094276599574364)))
(19.11911911911912 ((0 0 0)(10.532064879521545 22.0600121335307 -50.29562705614487)))
(19.21921921921922 ((0 0 0)(9.788367624864348 19.6652459001281 -52.30077216321517)))
(19.31931931931932 ((0 0 0)(8.88995979159455 17.2255601415368 -54.09705181945099)))
(19.41941941941942 ((0 0 0)(7.850975676573528 14.749408391965781 -55.67267711792919)))
(19.51951951951952 ((0 0 0)(6.687784451561481 12.244266527977684 -57.01695025347638)))
(19.61961961961962 ((0 0 0)(5.418738479838006 9.716684118264515 -58.120474735387866)))
(19.71971971971972 ((0 0 0)(4.0638874094560276 7.172376551734899 -58.97534814897325)))
(19.81981981981982 ((0 0 0)(2.644661961150424 4.616353615107159 -59.575330009784906)))
(19.91991991991992 ((0 0 0)(1.1835323050867383 2.053078771779655 -59.91597795877891)))
(20.02002002002002 ((0 0 0)(-0.29635316125593536 -0.513347840292667 -59.99474664727691)))
(20.12012012012012 ((0 0 0)(-1.7715420521526164 -3.0789906524536295 -59.81104511345982)))
(20.22022022022022 ((0 0 0)(-3.218658127309583 -5.639872774148813 -59.366250178132056)))
(20.32032032032032 ((0 0 0)(-4.614779945467669 -8.19177189315414 -58.663675278747064)))
(20.42042042042042 ((0 0 0)(-5.937810727054144 -10.730026817373686 -57.708496091224475)))
(20.52052052052052 ((0 0 0)(-7.166832487827287 -13.249363057578307 -56.50763612863357)))
(20.62062062062062 ((0 0 0)(-8.282438146094314 -15.743745055282321 -55.06961713410016)))
(20.72072072072072 ((0 0 0)(-9.267036145620807 -18.206261571283804 -53.40438040487159)))
(20.82082082082082 ((0 0 0)(-10.105123088636276 -20.629049433498256 -51.52308612982069)))
(20.92092092092092 ((0 0 0)(-10.783520847722281 -23.003259369465205 -49.43789836445069)))
(21.02102102102102 ((0 0 0)(-11.291575539521046 -25.319066090116923 -47.16176341161118)))
(21.12112112112112 ((0 0 0)(-11.621316534011198 -27.565723210558822 -44.708189158479215)))
(21.22122122122122 ((0 0 0)(-11.7675743041531 -29.731662043146375 -42.09103239809504)))
(21.32132132132132 ((0 0 0)(-11.728056385327406 -31.804631818147392 -39.324300405607495)))
(21.421421421421424 ((0 0 0)(-11.5033810339701 -33.771877507168014 -36.42197211617402)))
(21.521521521521525 ((0 0 0)(-11.097068395094606 -35.620350166325586 -33.39784322830797)))
(21.621621621621625 ((0 0 0)(-10.515489168963024 -37.33694359895552 -30.265398487747596)))
(21.721721721721725 ((0 0 0)(-9.767770973191027 -38.90875018174603 -27.037713334045097)))
(21.821821821821825 ((0 0 0)(-8.86566288824494 -40.32332792815161 -23.72738604380759)))
(21.921921921921925 ((0 0 0)(-7.823359097650044 -41.56897030857248 -20.346500499382618)))
(22.022022022022025 ((0 0 0)(-6.657283113932585 -42.63497004191669 -16.906618761375675)))
(22.122122122122125 ((0 0 0)(-5.385834816332143 -43.511868052024596 -13.418801736128685)))
(22.222222222222225 ((0 0 0)(-4.029103388951918 -44.191679074354916 -9.893655413427824)))
(22.322322322322325 ((0 0 0)(-2.608550186526575 -44.66808602161804 -6.341399415421276)))
(22.422422422422425 ((0 0 0)(-1.1466664994729674 -44.93659617306085 -2.7719539578290577)))
(22.522522522522525 ((0 0 0)(0.3333879392308614 -44.99465352094716 0.8049592061042493)))
(22.622622622622625 ((0 0 0)(1.8081591447161183 -44.841703146255796 4.379706694400784)))
(22.722722722722725 ((0 0 0)(3.254278711110625 -44.479205238398954 7.942629360796204)))
(22.822822822822825 ((0 0 0)(4.6488419988234195 -43.910598237588715 11.483929336532087)))
(22.922922922922925 ((0 0 0)(5.969777460775742 -43.141212469055546 14.993563436569145)))
(23.023023023023026 ((0 0 0)(7.196200242699418 -42.17813745887156 18.46114793069107)))
(23.123123123123126 ((0 0 0)(8.308743796358609 -41.030047781339455 21.875879348690837)))
(23.223223223223226 ((0 0 0)(9.289864040740405 -39.706993711873935 25.22647552492323)))
(23.323323323323326 ((0 0 0)(10.124111520328848 -38.22016409131139 28.501140505787227)))
(23.423423423423426 ((0 0 0)(10.798367960864693 -36.581629614991215 31.687556259580244)))
(23.523523523523526 ((0 0 0)(11.302044535093959 -34.80407523281137 34.77290335574563)))
(23.623623623623626 ((0 0 0)(11.627239961278885 -32.900530494440986 37.743911931434006)))
(23.723723723723726 ((0 0 0)(11.768857224220174 -30.884106520990926 40.58694334665293)))
(23.823823823823826 ((0 0 0)(11.724678216417967 -28.76774786298303 43.288101953093715)))
(23.923923923923926 ((0 0 0)(11.49539595663613 -26.56400684903768 45.83337537541524)))
(24.024024024024026 ((0 0 0)(11.084604289523353 -24.284847172638443 48.20880064158877)))
(24.124124124124126 ((0 0 0)(10.498745156541327 -21.94148243312888 50.400652423622454)))
(24.224224224224226 ((0 0 0)(9.747013718898325 -19.544254164088983 52.39564859585204)))
(24.324324324324326 ((0 0 0)(8.841221871599087 -17.102552566754472 54.18116733235144)))
(24.424424424424426 ((0 0 0)(7.795621068450263 -14.624781738009716 55.745469107538284)))
(24.524524524524526 ((0 0 0)(6.6266859163020415 -12.11836966655923 57.07791630321641)))
(24.624624624624627 ((0 0 0)(5.352860702375819 -9.589821701059794 58.169182732059305)))
(24.724724724724727 ((0 0 0)(3.9942718710641794 -7.044814615866371 59.01144532667058)))
(24.824824824824827 ((0 0 0)(2.5724104170263433 -4.488326871341275 59.59855056362673)))
(24.924924924924927 ((0 0 0)(1.109789136805231 -1.924799253783202 59.926148916589206)))
(25.025025025025027 ((0 0 0)(-0.37041940599850615 0.6416811428399843 59.99179175215228)))
(25.125125125125127 ((0 0 0)(-1.8447575870186597 3.2071815951605367 59.79498655076568)))
(25.225225225225227 ((0 0 0)(-3.2898629567149085 5.7677177358666105 59.33720807210489)))
(25.325325325325327 ((0 0 0)(-4.682846626172342 8.319049778077396 58.62186498056141)))
(25.425425425425427 ((0 0 0)(-6.0016625037470925 10.856489814987109 57.65422337558734)))
(25.525525525525527 ((0 0 0)(-7.225460470647091 13.374728562220096 56.441290503320324)))
(25.625625625625627 ((0 0 0)(-8.33491723594886 15.867689099136157 54.99166354084237)))
(25.725725725725727 ((0 0 0)(-9.312539458861503 18.32841406360153 53.31534964655628)))
(25.825825825825827 ((0 0 0)(-10.14293468157583 20.748991428302652 51.42356439572102)))
(25.925925925925927 ((0 0 0)(-10.813046589241447 23.120522507508298 49.32851624167152)))
(26.026026026026027 ((0 0 0)(-11.312352022897825 25.433134281863982 47.04318476823737)))
(26.126126126126128 ((0 0 0)(-11.633017954632816 27.67603654834516 44.58110026449523)))
(26.226226226226228 ((0 0 0)(-11.77001725688064 29.837622854692725 41.956131617243976)))
(26.326326326326328 ((0 0 0)(-11.721202554427691 31.90561270203837 39.18228874854359)))
(26.426426426426428 ((0 0 0)(-11.487337761457491 33.86723112492933 36.273544895975796)))
(26.526526526526528 ((0 0 0)(-11.072087122759612 35.70942050636859 33.24368300666874)))
(26.626626626626628 ((0 0 0)(-10.481961758524626 37.41907837585033 30.10616944632638)))
(26.726726726726728 ((0 0 0)(-9.7262239211044 38.98331399114065 26.87405715227238)))
(26.826826826826828 ((0 0 0)(-8.816749469436145 40.38971574454495 23.559919313042542)))
(26.926926926926928 ((0 0 0)(-7.767849497620324 41.6266208916894 20.175813654418572)))
(27.027027027027028 ((0 0 0)(-6.596052641861811 42.68337880936538 16.733276464365975)))
(27.127127127127128 ((0 0 0)(-5.319850332250123 43.55059898286793 13.243344605439221)))
(27.227227227227228 ((0 0 0)(-3.9594081236908343 44.220375231435035 9.716602951177514)))
(27.32732732732733 ((0 0 0)(-2.5362471808872677 44.686478320444756 6.163253953115605)))
(27.42742742742743 ((0 0 0)(-1.0729009350077758 44.94451008135064 2.5932054102372715)))
(27.52752752752753 ((0 0 0)(0.4074472052534138 44.99201344387794 -0.9838280120611236)))
(27.62762762762763 ((0 0 0)(1.8813384970078117 44.82853433541804 -4.558214365748492)))
(27.72772772772773 ((0 0 0)(3.3254187855191097 44.45563315349277 -8.120290219121767)))
(27.82782782782783 ((0 0 0)(4.7168164180419305 43.87684538461959 -11.660247894567664)))
(27.92792792792793 ((0 0 0)(6.033510942716375 43.097592832262926 -15.168029326444941)))
(28.02802802802803 ((0 0 0)(7.254685752261844 42.125048731144325 -18.63323152634026)))
(28.12812812812813 ((0 0 0)(8.361058447136838 40.96796167523425 -22.04502830473171)))
(28.22822822822823 ((0 0 0)(9.335183496775963 39.63644469725193 -25.39211242792407)))
(28.32832832832833 ((0 0 0)(10.161722695370443 38.14173695386256 -28.66266180192439)))
(28.42842842842843 ((0 0 0)(10.82767985971837 36.495946261493366 -31.844332586062105)))
(28.52852852852853 ((0 0 0)(11.322597125022295 34.71178118393609 -34.92428136266058)))
(28.62862862862863 ((0 0 0)(11.638710998400018 32.80228150517406 -37.88921763638639)))
(28.72872872872873 ((0 0 0)(11.771066989043819 30.780555753753482 -40.72548701708055)))
(28.82882882882883 ((0 0 0)(11.717592133962011 28.659534011041327 -43.419184460953815)))
(28.92892892892893 ((0 0 0)(11.47912509119039 26.451743569473297 -45.956295916508324)))
(29.02902902902903 ((0 0 0)(11.059403714378554 24.169114140524368 -48.322865658113145)))
(29.12912912912913 ((0 0 0)(10.465010207880407 21.822818272840987 -50.5051855149957)))
(29.22922922922923 ((0 0 0)(9.705274153847894 19.423151450900782 -52.49000115148191)))
(29.32932932932933 ((0 0 0)(8.792133966184835 16.97945502295208 -54.26472957357963)))
(29.42942942942943 ((0 0 0)(7.739957714183072 14.500083673814006 -55.81768118767154)))
(29.52952952952953 ((0 0 0)(6.565324805477587 11.992417638602706 -57.13827908796926)))
(29.62962962962963 ((0 0 0)(5.2867707315992805 9.462918282021025 -58.217267871302745)))
(29.72972972972973 ((0 0 0)(3.924497938234881 6.9172240907357425 -59.046904235033956)))
(29.82982982982983 ((0 0 0)(2.500056835875768 4.360282601822328 -59.6211219540674)))
(29.929929929929934 ((0 0 0)(1.0360019409738068 1.796512386105696 -59.93566457787266)))
(30.030030030030034 ((0 0 0)(-0.44447095500643186 -0.7700120063210861 -59.98818032686804)))
(30.130130130130134 ((0 0 0)(-1.9178999411895097 -3.335360180476655 -59.77827515178722)))
(30.230230230230234 ((0 0 0)(-3.360937306278161 -5.895539781005205 -59.30752166743737)))
(30.330330330330334 ((0 0 0)(-4.750727638237322 -8.446293062870078 -58.57942357328712)))
(30.430430430430434 ((0 0 0)(-6.065276417597159 -10.982904969833072 -57.59933710057462)))
(30.530530530530534 ((0 0 0)(-7.283802219280563 -13.500031055377711 -56.374352849168964)))
(30.630630630630634 ((0 0 0)(-8.38706630186572 -15.99155275362648 -54.91314297874353)))
(30.730730730730734 ((0 0 0)(-9.357674218059364 -18.450466393194095 -53.225780003346166)))
(30.830830830830834 ((0 0 0)(-10.180345038694911 -20.86881101112032 -51.32353434415181)))
(30.930930930930934 ((0 0 0)(-10.84214475438966 -23.237638539110538 -49.21865829638414)))
(31.031031031031034 ((0 0 0)(-11.332681323256557 -25.54702837061702 -46.92416417232995)))
(31.131131131131134 ((0 0 0)(-11.644259609059493 -27.78614673734707 -44.453604131397576)))
(31.231231231231234 ((0 0 0)(-11.77199506841658 -29.94334977874538 -41.82085865913537)))
(31.331331331331334 ((0 0 0)(-11.713885494399115 -32.006327716830555 -39.039939879325914)))
(31.431431431431434 ((0 0 0)(-11.470840431541937 -33.96228617993179 -36.12481494729507)))
(31.531531531531535 ((0 0 0)(-11.046668090732235 -35.79815947393419 -33.08925374261722)))
(31.631631631631635 ((0 0 0)(-10.448019772629392 -37.500849497605266 -29.946704008620145)))
(31.731731731731735 ((0 0 0)(-9.684292020317686 -39.057483060078354 -26.710196014583765)))
(31.831831831831835 ((0 0 0)(-8.767487024964073 -40.45567960866692 -23.39227777186911)))
(31.931931931931935 ((0 0 0)(-7.712032246544102 -41.68382084420553 -20.004980835120083)))
(32.032032032032035 ((0 0 0)(-6.5345608074215855 -42.7313134231108 -16.559815775228618)))
(32.132132132132135 ((0 0 0)(-5.253654966016522 -43.588835954336936 -13.067795530239591)))
(32.232232232232235 ((0 0 0)(-3.889555850704647 -44.24856182387008 -9.539484032182614)))
(32.332332332332335 ((0 0 0)(-2.4638435765723927 -44.70435003622604 -5.985066782330705)))
(32.432432432432435 ((0 0 0)(-0.9990928084416005 -44.95189725099179 -2.4144394177419404)))
(32.532532532532535 ((0 0 0)(0.4814903073639058 -44.988845490582506 1.1626902069290013)))
(32.632632632632635 ((0 0 0)(1.9544432212647864 -44.814841557572564 4.7366912910061085)))
(32.732732732732735 ((0 0 0)(3.396426975950108 -44.43154595883461 8.297895834359304)))
(32.832832832832835 ((0 0 0)(4.7846038286963815 -43.842591004575624 11.836486084126149)))
(32.932932932932935 ((0 0 0)(6.0970053057704305 -43.05348963824902 15.34238885675586)))
(33.033033033033036 ((0 0 0)(7.312883873917315 -42.07149836172057 18.805181709071476)))
(33.133133133133136 ((0 0 0)(8.413042039879205 -40.90543925976892 22.214015586877952)))
(33.233233233233236 ((0 0 0)(9.38013350041532 -39.56548752490809 25.557558103285807)))
(33.333333333333336 ((0 0 0)(10.19893188671497 -38.06293198415443 28.82396100624965)))
(33.433433433433436 ((0 0 0)(10.856563597750947 -36.40991690339798 32.00085470128738)))
(33.533533533533536 ((0 0 0)(11.34270212155772 -34.6191737846979 35.075371914777584)))
(33.633633633633636 ((0 0 0)(11.649722040820699 -32.70375198844555 38.034201726986296)))
(33.733733733733736 ((0 0 0)(11.772811570503787 -30.67675683106538 40.863674281035394)))
(33.833833833833836 ((0 0 0)(11.710042967372265 -28.55110336251761 43.54987549233318)))
(33.933933933933936 ((0 0 0)(11.46240049765017 -26.339293350892934 46.07879005234812)))
(34.034034034034036 ((0 0 0)(11.033765886817193 -24.053222125770592 48.436469955928104)))
(34.134134134134136 ((0 0 0)(10.430861359575207 -21.704020884689044 50.60922470643369)))
(34.234234234234236 ((0 0 0)(9.663150572463568 -19.301938869984355 52.583828303341285)))
(34.334334334334336 ((0 0 0)(8.742698010039206 -16.856268495557316 54.34773714126752)))
(34.434434434434436 ((0 0 0)(7.683987810833165 -14.37531506498192 55.88931210838959)))
(34.53453453453454 ((0 0 0)(6.5037035444949085 -11.866411199348223 57.19803753498372)))
(34.63463463463464 ((0 0 0)(5.220471183207236 -9.335974520321017 58.264729280080495)))
(34.73473473473474 ((0 0 0)(3.8545683754384945 -6.789605557926818 59.081724219638495)))
(34.83483483483484 ((0 0 0)(2.4276040866351734 -4.232221332394018 59.643043759789194)))
(34.93493493493494 ((0 0 0)(0.9621736446927619 -1.66821866311791 59.94452476389778)))
(35.03503503503504 ((0 0 0)(-0.5185048704458759 0.8983399422075484 59.98391243933488)))
(35.13513513513514 ((0 0 0)(-1.9909662137365347 3.4635258998307092 59.760911229533875)))
(35.23523523523524 ((0 0 0)(-3.4318783588973627 6.023338355935157 59.27719151516209)))
(35.33533533533534 ((0 0 0)(-4.818420293694507 8.573501125782895 58.536351833677834)))
(35.43543543543544 ((0 0 0)(-6.128649952634922 11.109271571937402 57.54383825165698)))
(35.53553553553554 ((0 0 0)(-7.341855429447792 13.62526972258428 56.30682433936853)))
(35.63563563563564 ((0 0 0)(-8.438883287155084 16.11533508808761 54.83405678456554)))
(35.73573573573574 ((0 0 0)(-9.402438645733476 18.572417506601266 53.13567294922092)))
(35.83583583583584 ((0 0 0)(-10.217352688685558 20.98850700456635 51.222997558719385)))
(35.93593593593594 ((0 0 0)(-10.870814200075813 23.35460616745432 49.10832619396225)))
(36.03603603603604 ((0 0 0)(-11.352562642668472 25.660746950199666 46.804703343815106)))
(36.13613613613614 ((0 0 0)(-11.655041056261497 27.896052277455734 44.325702507926444)))
(36.23623623623624 ((0 0 0)(-11.773507661093173 30.048841241634044 41.685215277780664)))
(36.33633633633634 ((0 0 0)(-11.706105492091792 32.10677524003367 38.897255536488956)))
(36.43643643643644 ((0 0 0)(-11.453889691430122 34.05704102925895 35.975783975699066)))
(36.53653653653654 ((0 0 0)(-11.020812297107984 35.886565436875344 32.93455709484933)))
(36.63663663663664 ((0 0 0)(-10.413664545530432 37.582255375884245 29.787003776334448)))
(36.73673673673674 ((0 0 0)(-9.641976921332606 39.131255877884 26.54613145942528)))
(36.83683683683684 ((0 0 0)(-8.717877496643679 40.52121812107146 23.224462893002634)))
(36.93693693693694 ((0 0 0)(-7.655909547822781 41.740568910080135 19.834003449631307)))
(37.03703703703704 ((0 0 0)(-6.472810041417392 42.77877280021355 16.38623804204827)))
(37.13713713713714 ((0 0 0)(-5.1872513376562885 43.626578082778735 12.892155806050743)))
(37.23723723723724 ((0 0 0)(-3.8195493376225 44.27623818903992 9.362299909421743)))
(37.33733733733734 ((0 0 0)(-2.391342244458191 44.721700743897514 5.8068391255233625)))
(37.43743743743744 ((0 0 0)(-0.9252450475854188 44.95875750517002 2.2356571857073604)))
(37.53753753753754 ((0 0 0)(0.5555143082195083 44.98514973696675 -1.3415445882233081)))
(37.63763763763764 ((0 0 0)(2.0274704181982774 44.800625139424966 -4.91513625622339)))
(37.73773773773774 ((0 0 0)(3.467300468024764 44.40694422369007 -8.475444967274123)))
(37.83783783783784 ((0 0 0)(4.852201546556126 43.80783589502944 -12.012642628030415)))
(37.93793793793794 ((0 0 0)(6.16025803865633 43.0089038931517 -15.516640701494904)))
(38.03803803803804 ((0 0 0)(7.370792308965122 42.01748754078956 -18.976997095481522)))
(38.13813813813814 ((0 0 0)(8.464692524310642 40.84248188077373 -22.382839748576618)))
(38.23823823823824 ((0 0 0)(9.424712281364522 39.49412366500109 -25.722811038766153)))
(38.33833833833834 ((0 0 0)(10.235737630934995 37.98375074352966 -28.98503654182377)))
(38.43843843843844 ((0 0 0)(10.885018040343777 36.32354315936191 -32.15712096835781)))
(38.53853853853854 ((0 0 0)(11.362358735705675 34.52625467757482 -35.22617332381802)))
(38.63863863863864 ((0 0 0)(11.660272656751255 32.60494357850063 -38.17886247598262)))
(38.73873873873874 ((0 0 0)(11.774090900301669 30.572711349315878 -41.001503388380854)))
(38.83883883883884 ((0 0 0)(11.70203101281261 28.442457449649055 -43.68017329370283)))
(38.93893893893894 ((0 0 0)(11.445222832298837 26.22665763918511 -46.20085604850246)))
(39.03903903903904 ((0 0 0)(11.007691813609096 23.937172470454122 -48.54961184463799)))
(39.13913913913914 ((0 0 0)(10.396299954009924 21.585091494685656 -50.71276837829663)))
(39.23923923923924 ((0 0 0)(9.620644632722117 19.18061752454772 -52.677128530252375)))
(39.33933933933934 ((0 0 0)(8.692915951709333 16.732993963862732 -54.43018864051244)))
(39.43943943943944 ((0 0 0)(7.6277135677224654 14.250476771331194 -55.96036062803142)))
(39.53953953953954 ((0 0 0)(6.441824569210972 11.74035109885638 -57.257190580985295)))
(39.63963963963964 ((0 0 0)(5.153964681349608 9.208991070783181 -58.31156609587042)))
(39.73973973973974 ((0 0 0)(3.7844859534411928 6.661959595693898 -59.11590463740962)))
(39.83983983983984 ((0 0 0)(2.3550550422622423 4.104143586734877 -59.66431557142236)))
(39.93993993993994 ((0 0 0)(0.8883071767310461 1.5399185782831082 -59.95272930821524)))
(40.04004004004004 ((0 0 0)(-0.5925182151990727 -1.0266644615808835 -59.9789881698019)))
(40.14014014014014 ((0 0 0)(-2.0639535068181334 -3.591678242981052 -59.74289510912936)))
(40.24024024024024 ((0 0 0)(-3.5026833028684745 -6.151112904148431 -59.2462181779313)))
(40.34034034034034 ((0 0 0)(-4.885921912181488 -8.700673341104588 -58.49265054936316)))
(40.44044044044044 ((0 0 0)(-6.19178060256211 -11.235588906452664 -57.48772782421931)))
(40.54054054054054 ((0 0 0)(-7.399617808429228 -13.75044374379991 -56.23870615588234)))
(40.64064064064064 ((0 0 0)(-8.490366148374013 -16.23903516582644 -54.75440630257125)))
(40.74074074074074 ((0 0 0)(-9.446830979111251 -18.694266344147277 -53.04502996430248)))
(40.84084084084084 ((0 0 0)(-10.253956176169067 -21.10807822513101 -51.12195562777825)))
(40.94094094094094 ((0 0 0)(-10.89905380010744 -23.471424089969418 -48.99752160314403)))
(41.04104104104104 ((0 0 0)(-11.371995200814732 -25.774288609329695 -46.68480400465534)))
(41.14114114114114 ((0 0 0)(-11.66536187326768 -28.005751664361778 -44.197397143623164)))
(41.24124124124124 ((0 0 0)(-11.774554975485131 -30.15409566662594 -41.549203226884686)))
(41.34134134134134 ((0 0 0)(-11.697862852516769 -32.206953647435185 -38.75423745730533)))
(41.44144144144144 ((0 0 0)(-11.436486206141883 -34.15149402977285 -35.82645368471011)))
(41.54154154154154 ((0 0 0)(-10.994520757183604 -35.97463676444008 -32.77959471941965)))
(41.64164164164164 ((0 0 0)(-10.37889742780844 -37.663294425428546 -29.627070348127944)))
(41.74174174174174 ((0 0 0)(-9.599280289849709 -39.20463093865397 -26.381865021983895)))
(41.84184184184184 ((0 0 0)(-8.667922840114352 -40.58632988873452 -23.056476145874694)))
(41.94194194194194 ((0 0 0)(-7.5994836170750455 -41.79686384124754 -19.662882902959637)))
(42.04204204204204 ((0 0 0)(-6.410802785053512 -42.82575586711023 -16.21254461008009)))
(42.14214214214214 ((0 0 0)(-5.120642075588367 -43.66382449511615 -12.716426726008763)))
(42.24224224224224 ((0 0 0)(-3.7493913583088467 -44.303403675856316 -9.185051834047462)))
(42.34234234234234 ((0 0 0)(-2.3187460593798552 -44.73853003060387 -5.628572203966783)))
(42.44244244244244 ((0 0 0)(-0.85136058185779 -44.96509067965375 -2.0568599190123553)))
(42.54254254254254 ((0 0 0)(0.6295162712523296 -44.980926271575434 1.5203899532251992)))
(42.64264264264264 ((0 0 0)(2.100417191662534 -44.785885420056076 5.09354804650797)))
(42.74274274274275 ((0 0 0)(3.538036452814567 -44.381828529126565 8.652936377023407)))
(42.84284284284285 ((0 0 0)(4.91960689504536 -43.77258086449357 12.188716246904173)))
(42.94294294294295 ((0 0 0)(6.223266639809713 -42.963836612929576 15.690783531967897)))
(43.04304304304305 ((0 0 0)(7.428408770308764 -41.963017467025516 19.1486762991223)))
(43.14314314314315 ((0 0 0)(8.51600786344322 -40.7790908910587 22.55149934002245)))
(43.24324324324325 ((0 0 0)(9.46891808407465 -39.422354593046144 25.887869718834374)))
(43.34334334334335 ((0 0 0)(10.272138480564834 -37.90419479700186 29.14588682856681)))
(43.44344344344345 ((0 0 0)(10.913042069803211 -36.23682665002039 32.31312974757057)))
(43.54354354354355 ((0 0 0)(11.381566196100852 -34.4330255053777 35.37668389922962)))
(43.64364364364365 ((0 0 0)(11.670362432471325 -32.505857908370565 38.32319815456842)))
(43.74374374374375 ((0 0 0)(11.774904928383188 -30.468420902280346 41.138972588320016)))
(43.84384384384385 ((0 0 0)(11.693556584600083 -28.333597800845293 43.810076111931934)))
(43.94394394394395 ((0 0 0)(11.427592769216476 -26.113837875420238 46.32249217213127)))
(44.04404404404405 ((0 0 0)(10.981182518701196 -23.820966511094298 48.66228963673953)))
(44.14414414414415 ((0 0 0)(10.361327349865983 -21.466031322816136 50.81581491520536)))
(44.24424424424425 ((0 0 0)(9.577758007763713 -19.059188511582157 52.76990031669436)))
(44.34434434434435 ((0 0 0)(8.642789753526934 -16.609632401035846 54.51208268344464)))
(44.44444444444445 ((0 0 0)(7.571137206348039 -14.125569646918578 56.03082551327757)))
(44.54454454454455 ((0 0 0)(6.379690325836286 -11.614238082042766 57.31573717223355)))
(44.64464464464465 ((0 0 0)(5.0872538585223825 -9.08196858392718 58.3577774667129)))
(44.74474474474475 ((0 0 0)(3.714253449193135 -6.534286779015823 59.149444856659414)))
(44.84484484484485 ((0 0 0)(2.28241257961906 -3.9760498864182328 59.68493699156826)))
(44.94494494494495 ((0 0 0)(0.814405467407162 -1.4116126242210143 59.96027805666708)))
(45.04504504504505 ((0 0 0)(-0.6665080529834172 1.1549850750673458 59.97340761085179)))
(45.14514514514515 ((0 0 0)(-2.136858925796948 3.7198166979528664 59.7242271277932)))
(45.24524524524525 ((0 0 0)(-3.573349331998445 6.278862866200617 59.21460222998545)))
(45.34534534534535 ((0 0 0)(-4.953229821048303 8.827809079111583 58.44832051880553)))
(45.44544544544545 ((0 0 0)(-6.254665870850394 11.361856253617583 57.431006823507865)))
(45.54554554554555 ((0 0 0)(-7.457087075155627 13.87555229338399 56.16999948938713)))
(45.64564564564565 ((0 0 0)(-8.541512855404934 16.362652044106316 54.67419288445882)))
(45.74574574574575 ((0 0 0)(-9.49084947019524 18.816011839938557 52.95385253478617)))
(45.84584584584585 ((0 0 0)(-10.290154061750362 21.22752348319145 51.02041014436108)))
(45.94594594594595 ((0 0 0)(-10.92686244523243 23.58809099835871 48.886246195964354)))
(46.04604604604605 ((0 0 0)(-11.390978235014988 25.887651931658187 46.56446787878517)))
(46.14614614614615 ((0 0 0)(-11.675221655181105 28.11524338960673 44.06868978877234)))
(46.24624624624625 ((0 0 0)(-11.775136970412126 30.259111473989105 41.41282425979397)))
(46.34634634634635 ((0 0 0)(-11.689157898834788 32.306861313171524 38.61088737774239)))
(46.44644644644645 ((0 0 0)(-11.418630658485986 34.24564353819232 35.676825775771846)))
(46.54654654654655 ((0 0 0)(-10.967794503419505 36.06237182735432 32.62436826971645)))
(46.64664664664665 ((0 0 0)(-10.343719786321541 37.74396506414128 29.466905319598336)))
(46.74674674674675 ((0 0 0)(-9.556203806705266 39.277606741340016 26.21739823418183)))
(46.84684684684685 ((0 0 0)(-8.617625024763989 40.651013525135035 22.888318996633764)))
(46.94694694694695 ((0 0 0)(-7.542756682050688 41.852704397690964 19.491620596987307)))
(47.04704704704705 ((0 0 0)(-6.34854148983695 42.8722615596783 16.03873682176892)))
(47.14714714714715 ((0 0 0)(-5.053829816521425 43.700574328901695 12.5406095808911)))
(47.24724724724725 ((0 0 0)(-3.679084692752087 44.330057644803254 9.007741055416645)))
(47.34734734734735 ((0 0 0)(-2.246057900015878 44.75483749572486 5.450267237785654)))
(47.44744744744745 ((0 0 0)(-0.77744234216604 44.970896622804474 1.8780488220858984)))
(47.54754754754755 ((0 0 0)(0.7034932607880706 44.976175195586436 -1.699225098944475)))
(47.64764764764765 ((0 0 0)(2.1732806487716236 44.770622750900586 -5.271925445989869)))
(47.74774774774775 ((0 0 0)(3.6086321269535673 44.356199467977255 -8.830368821122637)))
(47.84784784784785 ((0 0 0)(4.986817205349603 43.73682673237047 -12.364705659144066)))
(47.94794794794795 ((0 0 0)(6.286028617481463 42.91828882330045 -15.86481601677034)))
(48.04804804804805 ((0 0 0)(7.4857309825446094 41.90808934751622 -19.320217930485107)))
(48.14814814814815 ((0 0 0)(8.566986033654064 40.715267650334894 -22.71999290815071)))
(48.24824824824825 ((0 0 0)(9.512749167808124 39.350181789832796 -26.0527326246727)))
(48.34834834834835 ((0 0 0)(10.30813300415402 37.82426571317178 -29.306510283267478)))
(48.44844844844845 ((0 0 0)(10.940634585401728 36.149768997903834 -32.468879396438886)))
(48.54854854854855 ((0 0 0)(11.400323749035275 34.339487911170906 -35.526901948216576)))
(48.64864864864865 ((0 0 0)(11.679990972344854 32.4064966097998 -38.46720703242048)))
(48.74874874874875 ((0 0 0)(11.775253622940392 30.363887081054568 -41.27608012944671)))
(48.84884884884885 ((0 0 0)(11.684620015193486 28.224525940634337 -43.93958219434333)))
(48.94894894894895 ((0 0 0)(11.40951100025545 26.000835495808868 -46.443696692048164)))
(49.04904904904905 ((0 0 0)(10.954239043179937 23.704605578623713 -48.77450164768814)))
(49.14914914914915 ((0 0 0)(10.325944922071612 21.346841583023377 -50.918362706110045)))
(49.24924924924925 ((0 0 0)(9.534492385829138 18.93765292186136 -52.86214215287212)))
(49.34934934934935 ((0 0 0)(8.59232139153363 16.486184774132074 -54.59341788929411)))
(49.44944944944945 ((0 0 0)(7.514260960296251 14.00059454006575 -56.10070553921234)))
(49.54954954954955 ((0 0 0)(6.317303270839608 11.488072888716818 -57.373676264576716)))
(49.64964964964965 ((0 0 0)(5.020341355463879 8.954907706018075 -58.403362551256684)))
(49.74974974974975 ((0 0 0)(3.643873645717486 6.406587679652516 -59.182344257121535)))
(49.84984984984985 ((0 0 0)(2.209679579356457 3.847940750974718 -59.70490763482177)))
(49.94994994994995 ((0 0 0)(0.740471448470744 1.2833012927731868 -59.96717086739568)))
(50.050050050050054 ((0 0 0)(-0.7404714484708478 -1.2833012927733671 -59.96717086739567)))
(50.150150150150154 ((0 0 0)(-2.209679579356394 -3.847940750974608 -59.70490763482177)))
(50.250250250250254 ((0 0 0)(-3.6438736457175827 -6.406587679652698 -59.18234425712146)))
(50.350350350350354 ((0 0 0)(-5.020341355463977 -8.954907706018252 -58.403362551256656)))
(50.450450450450454 ((0 0 0)(-6.3173032708397 -11.48807288871699 -57.37367626457668)))
(50.550550550550554 ((0 0 0)(-7.514260960296341 -14.000594540065924 -56.1007055392123)))
(50.650650650650654 ((0 0 0)(-8.592321391533572 -16.48618477413197 -54.59341788929408)))
(50.750750750750754 ((0 0 0)(-9.534492385829088 -18.937652921861268 -52.86214215287211)))
(50.850850850850854 ((0 0 0)(-10.325944922071681 -21.346841583023537 -50.91836270611)))
(50.950950950950954 ((0 0 0)(-10.954239043179996 -23.704605578623863 -48.77450164768808)))
(51.051051051051054 ((0 0 0)(-11.409511000255508 -26.00083549580903 -46.44369669204812)))
(51.151151151151154 ((0 0 0)(-11.684620015193437 -28.22452594063425 -43.93958219434328)))
(51.251251251251254 ((0 0 0)(-11.77525362294043 -30.36388708105471 -41.27608012944666)))
(51.351351351351354 ((0 0 0)(-11.679990972344882 -32.40649660979994 -38.46720703242042)))
(51.451451451451454 ((0 0 0)(-11.400323749035408 -34.339487911171005 -35.52690194821686)))
(51.551551551551555 ((0 0 0)(-10.940634585401737 -36.14976899790393 -32.46887939643882)))
(51.651651651651655 ((0 0 0)(-10.308133004153982 -37.82426571317172 -29.306510283267414)))
(51.751751751751755 ((0 0 0)(-9.51274916780812 -39.35018178983289 -26.052732624672636)))
(51.851851851851855 ((0 0 0)(-8.566986033654056 -40.71526765033497 -22.719992908150637)))
(51.951951951951955 ((0 0 0)(-7.485730982544597 -41.90808934751628 -19.32021793048504)))
(52.052052052052055 ((0 0 0)(-6.286028617481434 -42.91828882330042 -15.864816016770275)))
(52.152152152152155 ((0 0 0)(-4.9868172053495705 -43.73682673237043 -12.364705659143997)))
(52.252252252252255 ((0 0 0)(-3.60863212695354 -44.35619946797727 -8.830368821122567)))
(52.352352352352355 ((0 0 0)(-2.1732806487715957 -44.7706227509006 -5.271925445989799)))
(52.452452452452455 ((0 0 0)(-0.7034932607880421 -44.976175195586464 -1.6992250989444053)))
(52.552552552552555 ((0 0 0)(0.7774423421660688 -44.970896622804474 1.8780488220859684)))
(52.652652652652655 ((0 0 0)(2.2460579000157423 -44.754837495724914 5.450267237785318)))
(52.752752752752755 ((0 0 0)(3.6790846927521126 -44.33005764480322 9.007741055416714)))
(52.852852852852855 ((0 0 0)(5.053829816521449 -43.70057432890165 12.540609580891175)))
(52.952952952952955 ((0 0 0)(6.3485414898369665 -42.872261559678236 16.038736821768993)))
(53.053053053053056 ((0 0 0)(7.542756682050722 -41.852704397691 19.491620596987374)))
(53.153153153153156 ((0 0 0)(8.617625024763997 -40.65101352513496 22.888318996633828)))
(53.253253253253256 ((0 0 0)(9.556203806705266 -39.277606741339916 26.217398234181907)))
(53.353353353353356 ((0 0 0)(10.34371978632141 -37.74396506414119 29.466905319598045)))
(53.453453453453456 ((0 0 0)(10.96779450341949 -36.062371827354205 32.624368269716506)))
(53.553553553553556 ((0 0 0)(11.418630658486029 -34.2456435381924 35.676825775771896)))
(53.653653653653656 ((0 0 0)(11.689157898834763 -32.30686131317141 38.61088737774246)))
(53.753753753753756 ((0 0 0)(11.775136970412088 -30.25911147398896 41.41282425979404)))
(53.853853853853856 ((0 0 0)(11.67522165518106 -28.11524338960658 44.0686897887724)))
(53.953953953953956 ((0 0 0)(11.390978235015039 -25.887651931658283 46.56446787878521)))
(54.054054054054056 ((0 0 0)(10.926862445232484 -23.588090998358798 48.88624619596438)))
(54.154154154154156 ((0 0 0)(10.290154061750231 -21.227523483191156 51.020410144361136)))
(54.254254254254256 ((0 0 0)(9.490849470195164 -18.816011839938394 52.95385253478623)))
(54.354354354354356 ((0 0 0)(8.541512855404925 -16.362652044106284 54.67419288445883)))
(54.454454454454456 ((0 0 0)(7.457087075155687 -13.875552293384091 56.16999948938714)))
(54.55455455455456 ((0 0 0)(6.254665870850521 -11.361856253617834 57.43100682350778)))
(54.65465465465466 ((0 0 0)(4.953229821048207 -8.827809079111411 58.44832051880556)))
(54.75475475475476 ((0 0 0)(3.5733493319983443 -6.278862866200439 59.21460222998546)))
(54.85485485485486 ((0 0 0)(2.1368589257969286 -3.7198166979528313 59.7242271277932)))
(54.95495495495496 ((0 0 0)(0.6665080529834807 -1.154985075067456 59.97340761085179)))
(55.05505505505506 ((0 0 0)(-0.8144054674073491 1.4116126242213392 59.96027805666706)))
(55.15515515515516 ((0 0 0)(-2.2824125796191623 3.9760498864184126 59.684936991568236)))
(55.25525525525526 ((0 0 0)(-3.714253449193159 6.534286779015858 59.14944485665949)))
(55.35535535535536 ((0 0 0)(-5.0872538585224 9.081968583927216 58.35777746671288)))
(55.45545545545546 ((0 0 0)(-6.379690325836224 11.614238082042661 57.315737172233526)))
(55.55555555555556 ((0 0 0)(-7.571137206348202 14.125569646918889 56.030825513277506)))
(55.65565565565566 ((0 0 0)(-8.642789753527017 16.60963240103601 54.512082683444625)))
(55.75575575575576 ((0 0 0)(-9.577758007763721 19.059188511582192 52.769900316694326)))
(55.85585585585586 ((0 0 0)(-10.361327349865926 21.466031322816036 50.815814915205344)))
(55.95595595595596 ((0 0 0)(-10.981182518701141 23.820966511094067 48.66228963673972)))
(56.05605605605606 ((0 0 0)(-11.427592769216577 26.11383787542051 46.3224921721312)))
(56.15615615615616 ((0 0 0)(-11.693556584600126 28.33359780084543 43.81007611193187)))
(56.25625625625626 ((0 0 0)(-11.774904928383185 30.46842090228039 41.13897258831997)))
(56.35635635635636 ((0 0 0)(-11.670362432471283 32.505857908370494 38.323198154568374)))
(56.45645645645646 ((0 0 0)(-11.381566196100884 34.433025505377515 35.3766838992299)))
(56.55655655655656 ((0 0 0)(-10.91304206980322 36.2368266500205 32.31312974757049)))
(56.65665665665666 ((0 0 0)(-10.272138480564836 37.90419479700195 29.145886828566734)))
(56.75675675675676 ((0 0 0)(-9.468918084074632 39.42235459304617 25.887869718834313)))
(56.85685685685686 ((0 0 0)(-8.516007863443182 40.77909089105865 22.55149934002238)))
(56.95695695695696 ((0 0 0)(-7.428408770308761 41.96301746702562 19.148676299122226)))
(57.05705705705706 ((0 0 0)(-6.2232666398096965 42.96383661292966 15.69078353196783)))
(57.15715715715716 ((0 0 0)(-4.919606895045492 43.77258086449357 12.188716246904502)))
(57.25725725725726 ((0 0 0)(-3.538036452814539 44.38182852912659 8.652936377023337)))
(57.35735735735736 ((0 0 0)(-2.10041719166267 44.785885420056054 5.093548046508302)))
(57.45745745745746 ((0 0 0)(-0.6295162712523007 44.980926271575456 1.5203899532251297)))
(57.55755755755756 ((0 0 0)(0.8513605818576515 44.96509067965375 -2.056859919012021)))
(57.65765765765766 ((0 0 0)(2.318746059379884 44.73853003060387 -5.6285722039668515)))
(57.75775775775776 ((0 0 0)(3.7493913583087144 44.303403675856345 -9.185051834047131)))
(57.85785785785786 ((0 0 0)(5.120642075588246 43.66382449511625 -12.716426726008432)))
(57.95795795795796 ((0 0 0)(6.4108027850533835 42.82575586711023 -16.212544610079775)))
(58.05805805805806 ((0 0 0)(7.59948361707492 41.79686384124753 -19.662882902959318)))
(58.15815815815816 ((0 0 0)(8.667922840114388 40.58632988873457 -23.056476145874758)))
(58.25825825825826 ((0 0 0)(9.599280289849633 39.20463093865413 -26.381865021983593)))
(58.35835835835836 ((0 0 0)(10.378897427808395 37.66329442542879 -29.627070348127646)))
(58.45845845845846 ((0 0 0)(10.994520757183501 35.97463676444008 -32.77959471941937)))
(58.55855855855856 ((0 0 0)(11.436486206141819 34.151494029772934 -35.82645368470984)))
(58.65865865865866 ((0 0 0)(11.697862852516755 32.206953647435384 -38.75423745730505)))
(58.75875875875876 ((0 0 0)(11.774554975485138 30.154095666626155 -41.54920322688444)))
(58.85885885885886 ((0 0 0)(11.66536187326763 28.00575166436163 -44.19739714362323)))
(58.95895895895896 ((0 0 0)(11.37199520081467 25.774288609329687 -46.684804004655135)))
(59.05905905905906 ((0 0 0)(10.89905380010744 23.47142408996952 -48.99752160314383)))
(59.15915915915916 ((0 0 0)(10.25395617616914 21.10807822513124 -51.12195562777805)))
(59.25925925925926 ((0 0 0)(9.446830979111406 18.69426634414765 -53.0450299643023)))
(59.35935935935936 ((0 0 0)(8.49036614837393 16.239035165826266 -54.75440630257129)))
(59.45945945945946 ((0 0 0)(7.399617808429194 13.75044374379988 -56.23870615588223)))
(59.55955955955956 ((0 0 0)(6.191780602562171 11.235588906452776 -57.487727824219334)))
(59.65965965965966 ((0 0 0)(4.8859219121816215 8.70067334110484 -58.492650549363084)))
(59.75975975975976 ((0 0 0)(3.5026833028686966 6.151112904148828 -59.24621817793122)))
(59.85985985985987 ((0 0 0)(2.0639535068181116 3.591678242981017 -59.7428951091293)))
(59.95995995995997 ((0 0 0)(0.5925182151990525 1.0266644615808485 -59.9789881698019)))
(60.06006006006007 ((0 0 0)(-0.8883071767309825 -1.539918578282998 -59.95272930821524)))
(60.16016016016017 ((0 0 0)(-2.3550550422624283 -4.104143586735201 -59.664315571422335)))
(60.26026026026027 ((0 0 0)(-3.784485953441293 -6.661959595694079 -59.115904637409606)))
(60.36036036036037 ((0 0 0)(-5.153964681349626 -9.208991070783215 -58.31156609587041)))
(60.46046046046047 ((0 0 0)(-6.44182456921091 -11.740351098856278 -57.257190580985274)))
(60.56056056056057 ((0 0 0)(-7.6277135677223535 -14.250476771330945 -55.96036062803155)))
(60.66066066066067 ((0 0 0)(-8.692915951709486 -16.732993963863038 -54.430188640512384)))
(60.76076076076077 ((0 0 0)(-9.620644632722195 -19.180617524547888 -52.677128530252354)))
(60.86086086086087 ((0 0 0)(-10.396299954009939 -21.585091494685695 -50.71276837829661)))
(60.96096096096097 ((0 0 0)(-11.007691813609041 -23.937172470454026 -48.549611844637944)))
(61.06106106106107 ((0 0 0)(-11.445222832298796 -26.226657639184882 -46.20085604850269)))
(61.16116116116117 ((0 0 0)(-11.702031012812654 -28.44245744964919 -43.68017329370279)))
(61.26126126126127 ((0 0 0)(-11.774090900301708 -30.57271134931602 -41.00150338838079)))
(61.36136136136137 ((0 0 0)(-11.660272656751244 -32.60494357850065 -38.17886247598256)))
(61.46146146146147 ((0 0 0)(-11.362358735705628 -34.52625467757475 -35.22617332381796)))
(61.56156156156157 ((0 0 0)(-10.885018040343818 -36.32354315936211 -32.15712096835773)))
(61.66166166166167 ((0 0 0)(-10.235737630934999 -37.98375074352975 -28.985036541823707)))
(61.76176176176177 ((0 0 0)(-9.42471228136464 -39.4941236650011 -25.722811038766455)))
(61.86186186186187 ((0 0 0)(-8.46469252431062 -40.842481880773754 -22.382839748576554)))
(61.96196196196197 ((0 0 0)(-7.37079230896509 -42.017487540789524 -18.976997095481455)))
(62.06206206206207 ((0 0 0)(-6.160258038656318 -43.008903893151796 -15.516640701494827)))
(62.16216216216217 ((0 0 0)(-4.8522015465561035 -43.807835895029484 -12.012642628030347)))
(62.26226226226227 ((0 0 0)(-3.467300468024737 -44.40694422369008 -8.475444967274052)))
(62.36236236236237 ((0 0 0)(-2.0274704181982486 -44.80062513942496 -4.915136256223319)))
(62.46246246246247 ((0 0 0)(-0.5555143082196469 -44.98514973696675 -1.3415445882236425)))
(62.56256256256257 ((0 0 0)(0.9252450475854472 -44.958757505170006 2.23565718570743)))
(62.66266266266267 ((0 0 0)(2.391342244458219 -44.721700743897486 5.806839125523433)))
(62.76276276276277 ((0 0 0)(3.8195493376225276 -44.276238189039944 9.362299909421814)))
(62.86286286286287 ((0 0 0)(5.187251337656319 -43.62657808277876 12.892155806050807)))
(62.96296296296297 ((0 0 0)(6.472810041417279 -42.77877280021366 16.386238042047946)))
(63.06306306306307 ((0 0 0)(7.655909547822795 -41.74056891008005 19.834003449631382)))
(63.16316316316317 ((0 0 0)(8.717877496643688 -40.521218121071385 23.224462893002702)))
(63.26326326326327 ((0 0 0)(9.641976921332626 -39.13125587788399 26.546131459425336)))
(63.36336336336337 ((0 0 0)(10.413664545530475 -37.58225537588432 29.787003776334497)))
(63.46346346346347 ((0 0 0)(11.020812297107943 -35.88656543687515 32.934557094849396)))
(63.56356356356357 ((0 0 0)(11.453889691430103 -34.057041029258826 35.97578397569914)))
(63.66366366366367 ((0 0 0)(11.706105492091707 -32.10677524003368 38.897255536488686)))
(63.76376376376377 ((0 0 0)(11.773507661093179 -30.048841241634022 41.68521527778073)))
(63.86386386386387 ((0 0 0)(11.655041056261547 -27.896052277455823 44.32570250792648)))
(63.96396396396397 ((0 0 0)(11.352562642668364 -25.66074695019939 46.80470334381517)))
(64.06406406406407 ((0 0 0)(10.87081420007575 -23.354606167454158 49.10832619396231)))
(64.16416416416416 ((0 0 0)(10.217352688685509 -20.98850700456633 51.22299755871923)))
(64.26426426426427 ((0 0 0)(9.402438645733532 -18.57241750660136 53.135672949220954)))
(64.36436436436436 ((0 0 0)(8.438883287155189 -16.115335088087853 54.834056784565384)))
(64.46446446446447 ((0 0 0)(7.341855429447625 -13.625269722583965 56.306824339368546)))
(64.56456456456456 ((0 0 0)(6.12864995263483 -11.109271571937228 57.54383825165701)))
(64.66466466466467 ((0 0 0)(4.81842029369449 -8.573501125782862 58.53635183367784)))
(64.76476476476476 ((0 0 0)(3.431878358897422 -6.023338355935265 59.27719151516205)))
(64.86486486486487 ((0 0 0)(1.9909662137363486 -3.4635258998303846 59.760911229533875)))
(64.96496496496496 ((0 0 0)(0.5185048704461064 -0.8983399422079482 59.98391243933487)))
(65.06506506506507 ((0 0 0)(-0.9621736446928655 1.6682186631180898 59.94452476389778)))
(65.16516516516516 ((0 0 0)(-2.427604086635196 4.232221332394054 59.64304375978925)))
(65.26526526526527 ((0 0 0)(-3.8545683754384306 6.789605557926708 59.081724219638495)))
(65.36536536536536 ((0 0 0)(-5.220471183207104 9.335974520320766 58.26472928008056)))
(65.46546546546547 ((0 0 0)(-6.503703544495003 11.8664111993484 57.1980375349837)))
(65.56556556556556 ((0 0 0)(-7.6839878108332 14.375315064981951 55.88931210838972)))
(65.66566566566567 ((0 0 0)(-8.742698010039216 16.85626849555735 54.34773714126749)))
(65.76576576576576 ((0 0 0)(-9.66315057246351 19.30193886998425 52.58382830334125)))
(65.86586586586587 ((0 0 0)(-10.430861359575339 21.704020884689324 50.60922470643366)))
(65.96596596596596 ((0 0 0)(-11.033765886817253 24.05322212577075 48.43646995592804)))
(66.06606606606607 ((0 0 0)(-11.462400497650176 26.33929335089297 46.07879005234808)))
(66.16616616616616 ((0 0 0)(-11.710042967372294 28.551103362517512 43.54987549233341)))
(66.26626626626627 ((0 0 0)(-11.772811570503785 30.676756831065177 40.86367428103565)))
(66.36636636636636 ((0 0 0)(-11.649722040820714 32.70375198844536 38.034201726986566)))
(66.46646646646647 ((0 0 0)(-11.34270212155774 34.61917378469803 35.07537191477752)))
(66.56656656656656 ((0 0 0)(-10.856563597751046 36.40991690339797 32.00085470128766)))
(66.66666666666667 ((0 0 0)(-10.198931886714933 38.06293198415435 28.8239610062496)))
(66.76676676676676 ((0 0 0)(-9.380133500415397 39.565487524907944 25.557558103286116)))
(66.86686686686687 ((0 0 0)(-8.4130420398792 40.90543925976902 22.214015586877892)))
(66.96696696696696 ((0 0 0)(-7.312883873917299 42.07149836172063 18.8051817090714)))
(67.06706706706707 ((0 0 0)(-6.097005305770406 43.05348963824903 15.342388856755793)))
(67.16716716716716 ((0 0 0)(-4.78460382869635 43.842591004575596 11.83648608412608)))
(67.26726726726727 ((0 0 0)(-3.3964269759500847 44.43154595883466 8.297895834359235)))
(67.36736736736736 ((0 0 0)(-1.9544432212649225 44.81484155757251 4.736691291006442)))
(67.46746746746747 ((0 0 0)(-0.4814903073640442 44.988845490582506 1.1626902069293357)))
(67.56756756756756 ((0 0 0)(0.9990928084414625 44.95189725099179 -2.4144394177416064)))
(67.66766766766767 ((0 0 0)(2.4638435765724225 44.70435003622604 -5.985066782330775)))
(67.76776776776777 ((0 0 0)(3.8895558507045176 44.24856182387013 -9.539484032182282)))
(67.86786786786787 ((0 0 0)(5.253654966016543 43.5888359543369 -13.067795530239659)))
(67.96796796796797 ((0 0 0)(6.534560807421458 42.73131342311082 -16.559815775228305)))
(68.06806806806807 ((0 0 0)(7.712032246544135 41.68382084420556 -20.00498083512015)))
(68.16816816816817 ((0 0 0)(8.767487024963982 40.455679608667054 -23.392277771868798)))
(68.26826826826827 ((0 0 0)(9.684292020317667 39.057483060078184 -26.71019601458384)))
(68.36836836836838 ((0 0 0)(10.448019772629511 37.50084949760514 -29.946704008620564)))
(68.46846846846847 ((0 0 0)(11.04666809073225 35.79815947393416 -33.08925374261728)))
(68.56856856856858 ((0 0 0)(11.470840431541953 33.96228617993147 -36.12481494729546)))
(68.66866866866867 ((0 0 0)(11.713885494399047 32.00632771683032 -39.03993987932599)))
(68.76876876876878 ((0 0 0)(11.771995068416622 29.943349778745215 -41.82085865913573)))
(68.86886886886887 ((0 0 0)(11.644259609059446 27.786146737346932 -44.45360413139764)))
(68.96896896896898 ((0 0 0)(11.332681323256557 25.547028370616996 -46.92416417233001)))
(69.06906906906907 ((0 0 0)(10.84214475438971 23.23763853911062 -49.21865829638418)))
(69.16916916916918 ((0 0 0)(10.180345038694782 20.868811011120037 -51.32353434415188)))
(69.26926926926927 ((0 0 0)(9.357674218059286 18.450466393193928 -53.22578000334621)))
(69.36936936936938 ((0 0 0)(8.387066301865708 15.99155275362645 -54.913142978743565)))
(69.46946946946947 ((0 0 0)(7.283802219280619 13.500031055377807 -56.37435284916897)))
(69.56956956956958 ((0 0 0)(6.065276417596921 10.98290496983261 -57.59933710057478)))
(69.66966966966967 ((0 0 0)(4.7507276382371435 8.446293062869762 -58.57942357328714)))
(69.76976976976978 ((0 0 0)(3.3609373062780623 5.895539781005023 -59.30752166743746)))
(69.86986986986987 ((0 0 0)(1.9178999411894908 3.33536018047662 -59.778275151787234)))
(69.96996996996998 ((0 0 0)(0.4444709550061607 0.7700120063206161 -59.98818032686804)))
(70.07007007007007 ((0 0 0)(-1.0360019409736603 -1.796512386105441 -59.93566457787267)))
(70.17017017017018 ((0 0 0)(-2.5000568358758697 -4.360282601822509 -59.621121954067384)))
(70.27027027027027 ((0 0 0)(-3.9244979382349046 -6.917224090735777 -59.04690423503402)))
(70.37037037037038 ((0 0 0)(-5.286770731599218 -9.462918282020919 -58.217267871302724)))
(70.47047047047047 ((0 0 0)(-6.565324805477464 -11.992417638602458 -57.13827908796938)))
(70.57057057057058 ((0 0 0)(-7.739957714183234 -14.500083673814315 -55.81768118767149)))
(70.67067067067067 ((0 0 0)(-8.792133966184913 -16.979455022952248 -54.264729573579594)))
(70.77077077077078 ((0 0 0)(-9.705274153847906 -19.42315145090082 -52.490001151481884)))
(70.87087087087087 ((0 0 0)(-10.465010207880352 -21.82281827284089 -50.50518551499567)))
(70.97097097097098 ((0 0 0)(-11.05940371437867 -24.169114140524652 -48.32286565811309)))
(71.07107107107107 ((0 0 0)(-11.47912509119044 -26.451743569473443 -45.95629591650826)))
(71.17117117117118 ((0 0 0)(-11.717592133961976 -28.659534011041487 -43.41918446095348)))
(71.27127127127127 ((0 0 0)(-11.7710669890439 -30.780555753753482 -40.72548701708079)))
(71.37137137137138 ((0 0 0)(-11.638710998400018 -32.802281505174406 -37.88921763638601)))
(71.47147147147147 ((0 0 0)(-11.322597125022325 -34.71178118393589 -34.92428136266086)))
(71.57157157157158 ((0 0 0)(-10.827679859718382 -36.495946261493465 -31.844332586062038)))
(71.67167167167167 ((0 0 0)(-10.161722695370553 -38.14173695386257 -28.66266180192469)))
(71.77177177177178 ((0 0 0)(-9.335183496775924 -39.63644469725188 -25.392112427924005)))
(71.87187187187187 ((0 0 0)(-8.361058447136802 -40.96796167523419 -22.045028304731645)))
(71.97197197197198 ((0 0 0)(-7.254685752261837 -42.125048731144446 -18.63323152634019)))
(72.07207207207207 ((0 0 0)(-6.033510942716395 -43.097592832262976 -15.16802932644497)))
(72.17217217217218 ((0 0 0)(-4.716816418041866 -43.87684538461961 -11.660247894567497)))
(72.27227227227228 ((0 0 0)(-3.325418785519121 -44.45563315349276 -8.120290219121799)))
(72.37237237237238 ((0 0 0)(-1.8813384970077425 -44.828534335418055 -4.558214365748323)))
(72.47247247247248 ((0 0 0)(-0.4074472052533432 -44.992013443877944 -0.9838280120609529)))
(72.57257257257258 ((0 0 0)(1.07290093500793 -44.944510081350636 2.5932054102376436)))
(72.67267267267268 ((0 0 0)(2.536247180887172 -44.686478320444756 6.163253953115373)))
(72.77277277277278 ((0 0 0)(3.959408123690824 -44.22037523143505 9.716602951177485)))
(72.87287287287288 ((0 0 0)(5.319850332250038 -43.55059898286799 13.24334460543899)))
(72.97297297297298 ((0 0 0)(6.59605264186179 -42.683378809365315 16.73327646436595)))
(73.07307307307308 ((0 0 0)(7.7678494976203005 -41.62662089168933 20.17581365441855)))
(73.17317317317318 ((0 0 0)(8.8167494694362 -40.389715744544915 23.559919313042695)))
(73.27327327327328 ((0 0 0)(9.726223921104404 -38.98331399114071 26.874057152272346)))
(73.37337337337338 ((0 0 0)(10.481961758524626 -37.41907837585014 30.106169446326543)))
(73.47347347347348 ((0 0 0)(11.072087122759571 -35.709420506368474 33.24368300666872)))
(73.57357357357358 ((0 0 0)(11.487337761457526 -33.867231124929305 36.273544895975945)))
(73.67367367367368 ((0 0 0)(11.721202554427709 -31.905612702038436 39.18228874854356)))
(73.77377377377378 ((0 0 0)(11.770017256880575 -29.837622854692356 41.95613161724427)))
(73.87387387387388 ((0 0 0)(11.633017954632859 -27.676036548345373 44.581100264495056)))
(73.97397397397398 ((0 0 0)(11.312352022897759 -25.433134281863833 47.04318476823737)))
(74.07407407407408 ((0 0 0)(10.8130465892414 -23.120522507508277 49.32851624167139)))
(74.17417417417418 ((0 0 0)(10.142934681575875 -20.74899142830275 51.423564395720994)))
(74.27427427427428 ((0 0 0)(9.312539458861599 -18.32841406360177 53.31534964655614)))
(74.37437437437438 ((0 0 0)(8.33491723594871 -15.86768909913585 54.991663540842445)))
(74.47447447447448 ((0 0 0)(7.225460470646995 -13.374728562219927 56.4412905033203)))
(74.57457457457458 ((0 0 0)(6.001662503747078 -10.856489814987073 57.6542233755874)))
(74.67467467467468 ((0 0 0)(4.682846626172403 -8.319049778077504 58.62186498056139)))
(74.77477477477478 ((0 0 0)(3.2898629567147255 -5.767717735866287 59.33720807210492)))
(74.87487487487488 ((0 0 0)(1.8447575870185566 -3.207181595160356 59.79498655076571)))
(74.97497497497498 ((0 0 0)(0.37041940599840234 -0.6416811428398044 59.9917917521523)))
(75.07507507507508 ((0 0 0)(-1.1097891368051682 1.9247992537830927 59.926148916589234)))
(75.17517517517518 ((0 0 0)(-2.5724104170266093 4.488326871341744 59.59855056362668)))
(75.27527527527528 ((0 0 0)(-3.9942718710640386 7.044814615866119 59.01144532667062)))
(75.37537537537538 ((0 0 0)(-5.352860702375919 9.58982170105997 58.16918273205932)))
(75.47547547547548 ((0 0 0)(-6.626685916302141 12.118369666559401 57.07791630321643)))
(75.57557557557558 ((0 0 0)(-7.795621068450201 14.62478173800961 55.74546910753826)))
(75.67567567567568 ((0 0 0)(-8.841221871599043 17.102552566754365 54.18116733235151)))
(75.77577577577578 ((0 0 0)(-9.747013718898456 19.54425416408928 52.39564859585194)))
(75.87587587587588 ((0 0 0)(-10.498745156541407 21.941482433129043 50.400652423622454)))
(75.97597597597598 ((0 0 0)(-11.084604289523348 24.28484717263848 48.20880064158868)))
(76.07607607607608 ((0 0 0)(-11.495395956636079 26.564006849037582 45.83337537541518)))
(76.17617617617618 ((0 0 0)(-11.724678216418061 28.767747862983402 43.28810195309349)))
(76.27627627627628 ((0 0 0)(-11.768857224220207 30.88410652099106 40.58694334665286)))
(76.37637637637638 ((0 0 0)(-11.627239961278862 32.900530494441135 37.743911931433786)))
(76.47647647647648 ((0 0 0)(-11.302044535094025 34.80407523281137 34.77290335574583)))
(76.57657657657658 ((0 0 0)(-10.798367960864685 36.581629614991144 31.687556259580276)))
(76.67667667667668 ((0 0 0)(-10.124111520328887 38.22016409131125 28.50114050578744)))
(76.77677677677679 ((0 0 0)(-9.2898640407404 39.70699371187401 25.22647552492316)))
(76.87687687687688 ((0 0 0)(-8.308743796358673 41.03004778133952 21.875879348690965)))
(76.97697697697699 ((0 0 0)(-7.196200242699384 42.17813745887152 18.461147930691006)))
(77.07707707707708 ((0 0 0)(-5.96977746077575 43.141212469055525 14.993563436569177)))
(77.17717717717719 ((0 0 0)(-4.648841998823359 43.91059823758878 11.483929336531915)))
(77.27727727727728 ((0 0 0)(-3.2542787111106395 44.47920523839898 7.942629360796238)))
(77.37737737737739 ((0 0 0)(-1.8081591447160075 44.84170314625582 4.3797066944005145)))
(77.47747747747748 ((0 0 0)(-0.33338793923083254 44.99465352094716 0.8049592061041797)))
(77.57757757757759 ((0 0 0)(1.1466664994730795 44.93659617306083 -2.77195395782933)))
(77.67767767767768 ((0 0 0)(2.6085501865264824 44.66808602161808 -6.341399415421043)))
(77.77777777777779 ((0 0 0)(4.029103388951901 44.19167907435487 -9.893655413427792)))
(77.87787787787788 ((0 0 0)(5.385834816332052 43.5118680520246 -13.418801736128461)))
(77.97797797797799 ((0 0 0)(6.657283113932579 42.63497004191673 -16.906618761375643)))
(78.07807807807808 ((0 0 0)(7.82335909765 41.568970308572524 -20.346500499382483)))
(78.17817817817819 ((0 0 0)(8.865662888244945 40.323327928151514 -23.72738604380766)))
(78.27827827827828 ((0 0 0)(9.767770973190961 38.908750181745944 -27.037713334044977)))
(78.37837837837839 ((0 0 0)(10.515489168963068 37.336943598955486 -30.265398487747746)))
(78.47847847847848 ((0 0 0)(11.09706839509462 35.620350166325665 -33.397843228307934)))
(78.57857857857859 ((0 0 0)(11.503381033970067 33.771877507167794 -36.42197211617417)))
(78.67867867867868 ((0 0 0)(11.728056385327331 31.804631818147268 -39.3243004056074)))
(78.77877877877879 ((0 0 0)(11.76757430415312 29.73166204314634 -42.09103239809515)))
(78.87887887887888 ((0 0 0)(11.621316534011155 27.56572321055893 -44.70818915847891)))
(78.97897897897899 ((0 0 0)(11.291575539520954 25.319066090116642 -47.16176341161131)))
(79.07907907907908 ((0 0 0)(10.783520847722404 23.00325936946556 -49.437898364450476)))
(79.17917917917919 ((0 0 0)(10.105123088636182 20.629049433498093 -51.52308612982063)))
(79.27927927927928 ((0 0 0)(9.267036145620832 18.206261571283914 -53.404380404871425)))
(79.37937937937939 ((0 0 0)(8.282438146094366 15.743745055282423 -55.06961713410014)))
(79.47947947947948 ((0 0 0)(7.166832487827406 13.249363057578552 -56.50763612863347)))
(79.57957957957959 ((0 0 0)(5.937810727054045 10.730026817373508 -57.708496091224475)))
(79.67967967967968 ((0 0 0)(4.614779945467607 8.191771893154035 -58.663675278747036)))
(79.77977977977979 ((0 0 0)(3.2186581273096055 5.639872774148851 -59.366250178132084)))
(79.87987987987988 ((0 0 0)(1.7715420521527208 3.078990652453812 -59.8110451134598)))
(79.97997997997999 ((0 0 0)(0.2963531612557477 0.5133478402923418 -59.99474664727691)))
(80.08008008008008 ((0 0 0)(-1.183532305086842 -2.0530787717798353 -59.91597795877891)))
(80.18018018018019 ((0 0 0)(-2.6446619611504425 -4.616353615107193 -59.57533000978489)))
(80.28028028028028 ((0 0 0)(-4.063887409455971 -7.172376551734787 -58.975348148973325)))
(80.38038038038039 ((0 0 0)(-5.41873847983791 -9.716684118264338 -58.12047473538792)))
(80.48048048048048 ((0 0 0)(-6.687784451561322 -12.244266527977366 -57.01695025347651)))
(80.58058058058059 ((0 0 0)(-7.850975676573587 -14.74940839196588 -55.67267711792925)))
(80.68068068068068 ((0 0 0)(-8.889959791594581 -17.225560141536825 -54.09705181945109)))
(80.78078078078079 ((0 0 0)(-9.788367624864302 -19.665245900128 -52.30077216321521)))
(80.88088088088088 ((0 0 0)(-10.53206487952147 -22.06001213353048 -50.29562705614503)))
(80.98098098098099 ((0 0 0)(-11.109366622696237 -24.40041987451011 -48.094276599574286)))
(81.08108108108108 ((0 0 0)(-11.511212455525245 -26.676081738924314 -45.710030165030275)))
(81.18118118118119 ((0 0 0)(-11.731300936740443 -28.87574338233397 -43.156629722623606)))
(81.28128128128128 ((0 0 0)(-11.766182362572987 -30.987407533839654 -40.44804501918125)))
(81.38138138138139 ((0 0 0)(-11.615309379300959 -32.99849732086263 -37.59828633778421)))
(81.48148148148148 ((0 0 0)(-11.281045158367048 -34.8960542892596 -34.621239580004584)))
(81.58158158158159 ((0 0 0)(-10.768629052691734 -36.666965347297776 -31.530527355914035)))
(81.68168168168168 ((0 0 0)(-10.086099840923714 -38.29821183891487 -28.339398691622222)))
(81.78178178178179 ((0 0 0)(-9.244176917280294 -39.777133104055586 -25.06064890323423)))
(81.88188188188188 ((0 0 0)(-8.256100151027965 -41.09169623931251 -21.706570162063066)))
(81.98198198198199 ((0 0 0)(-7.1374296554443495 -42.23076336326947 -18.288932302494253)))
(82.08208208208208 ((0 0 0)(-5.905807380847776 -43.18434755237162 -14.818992510468856)))
(82.18218218218219 ((0 0 0)(-4.5806832628183916 -43.94384877689991 -11.30753168502271)))
(82.28228228228228 ((0 0 0)(-3.1830095724402105 -44.50226165612534 -7.764914497040007)))
(82.38238238238239 ((0 0 0)(-1.7349080667031487 -44.85434767577637 -4.201169490003295)))
(82.48248248248248 ((0 0 0)(-0.2593154472950765 -44.99676565852788 -0.6260849913452121)))
(82.58258258258259 ((0 0 0)(1.2203865757526737 -44.928155715508126 2.9506838546323415)))
(82.68268268268268 ((0 0 0)(2.6807497266896405 -44.649173576992425 6.519501945575227)))
(82.78278278278279 ((0 0 0)(4.098638885205491 -44.16247402673991 10.070640164099649)))
(82.88288288288288 ((0 0 0)(5.451605806736419 -43.472644055980986 13.594165624378535)))
(82.98298298298299 ((0 0 0)(6.718249803322963 -42.58608821301399 17.079841315325268)))
(83.08308308308308 ((0 0 0)(7.8785588555346635 -41.510870358795856 20.517039958719938)))
(83.18318318318319 ((0 0 0)(8.91422535347353 -40.256517565275 23.89467648815983)))
(83.28328328328328 ((0 0 0)(9.808931541336962 -38.83379314725652 27.20116301820307)))
(83.38338338338339 ((0 0 0)(10.54860068606929 -37.2544467582485 30.424389528148843)))
(83.48348348348348 ((0 0 0)(11.121610926879722 -35.530950087263804 33.55173274622334)))
(83.58358358358359 ((0 0 0)(11.51896961971022 -33.67622696926395 36.57009490031394)))
(83.68368368368368 ((0 0 0)(11.734446718419294 -31.703386685853957 39.465973110765184)))
(83.78378378378379 ((0 0 0)(11.764666306141478 -29.62546891465265 42.22555924742253)))
(83.88388388388388 ((0 0 0)(11.609155806266852 -27.455208219844902 44.83486906547025)))
(83.98398398398399 ((0 0 0)(11.270352688635453 -25.204825196407555 47.27989838462614)))
(84.08408408408408 ((0 0 0)(10.753568689779566 -22.885850416020762 49.5468030027812)))
(84.18418418418419 ((0 0 0)(10.066911747057981 -20.5089861979553 51.62209796766251)))
(84.28428428428428 ((0 0 0)(9.221166070459175 -18.084009963488533 53.4928708105245)))
(84.38438438438439 ((0 0 0)(8.229631102159718 -15.619721546720102 55.1470024293219)))
(84.48448448448448 ((0 0 0)(7.107920586572136 -13.12393535037659 56.57338856075451)))
(84.58458458458459 ((0 0 0)(5.873723613059477 -10.60351668213435 57.76215427198249)))
(84.68468468468468 ((0 0 0)(4.54653029158956 -8.064460025937707 58.70485370200909)))
(84.78478478478479 ((0 0 0)(3.147325640448195 -5.512005446659679 59.394647446137064)))
(84.88488488488488 ((0 0 0)(1.698256240489155 -2.9507878593189205 59.82645053899212)))
(84.98498498498499 ((0 0 0)(0.2222751592095663 -0.38501258688283846 59.99704495667331)))
(85.08508508508508 ((0 0 0)(-1.2572285205055542 2.181350444752636 59.905151895444924)))
(85.18518518518519 ((0 0 0)(-2.7168086034481926 4.744362305049385 59.55146072578392)))
(85.28528528528528 ((0 0 0)(-4.1333417953459834 7.299909313371662 58.93861336768151)))
(85.38538538538539 ((0 0 0)(-5.484401456841583 9.843504870065876 58.071144764794184)))
(85.4854854854855 ((0 0 0)(-6.748617996393711 12.37010746240083 56.95538202092165)))
(85.58558558558559 ((0 0 0)(-7.906019353837761 14.873962764269972 55.599306476998954)))
(85.6856856856857 ((0 0 0)(-8.938345805417022 17.348476755725017 54.01238444364343)))
(85.78578578578579 ((0 0 0)(-9.829334244283515 19.7861255433869 52.20537338585227)))
(85.8858858858859 ((0 0 0)(-10.564968067181384 22.178406136031615 50.1901110405156)))
(85.98598598598599 ((0 0 0)(-11.133689741592384 24.515830893040384 47.97929522804766)))
(86.0860860860861 ((0 0 0)(-11.526573967239877 26.7879667837418 45.586262022781895)))
(86.18618618618619 ((0 0 0)(-11.737460035104009 28.98351902936968 43.02476952370001)))
(86.2862862862863 ((0 0 0)(-11.763042508881394 31.0904571908804 40.30879378333746)))
(86.38638638638639 ((0 0 0)(-11.602919720346787 33.09618034798937 37.452342579456136)))
(86.4864864864865 ((0 0 0)(-11.259599819006437 34.98771671171183 34.46929171907216)))
(86.58658658658659 ((0 0 0)(-10.738464303541248 36.75195184396588 31.373247506287772)))
(86.6866866866867 ((0 0 0)(-10.047689152339213 38.37587864292822 28.17743793004735)))
(86.78678678678679 ((0 0 0)(-9.198123925977226 39.84686141460153 24.894634068514986)))
(86.8868868868869 ((0 0 0)(-8.203129587756445 41.152905717518074 21.53710218491558)))
(86.98698698698699 ((0 0 0)(-7.078376312134998 42.28292527133216 18.116586019103966)))
(87.0870870870871 ((0 0 0)(-5.841603233349664 43.22699709589913 14.644317868839561)))
(87.18718718718719 ((0 0 0)(-4.512342909244545 43.97659622700853 11.131056212898494)))
(87.2872872872873 ((0 0 0)(-3.111614194446541 44.524801861116885 7.587146863965059)))
(87.38738738738739 ((0 0 0)(-1.6615881681907319 44.86646762208585 4.0226039647240865)))
(87.4874874874875 ((0 0 0)(-0.18523266798122806 44.99834980600545 0.44720656990799057)))
(87.58758758758759 ((0 0 0)(1.294058239607116 44.91918891063769 -3.1293938942050032)))
(87.6876876876877 ((0 0 0)(2.752842938767326 44.62974143596902 -6.697560318656225)))
(87.78778778778779 ((0 0 0)(4.168011857625935 44.13276077414871 -10.247555946471998)))
(87.8878878878879 ((0 0 0)(5.517160700539514 43.43292789937672 -13.769434969826493)))
(87.98798798798799 ((0 0 0)(6.778950300311624 42.536734424150886 -17.252942772415775)))
(88.0880880880881 ((0 0 0)(7.933446592563879 41.45232231412639 -20.687430617980326)))
(88.18818818818819 ((0 0 0)(8.96243495117707 40.189286067963515 -24.06178916680431)))
(88.2882882882883 ((0 0 0)(9.849704005624853 38.75844440763681 -27.364404659802272)))
(88.38838838838839 ((0 0 0)(10.581295008394838 37.17158944796508 -30.5831409597801)))
(88.4884884884885 ((0 0 0)(11.145713754531906 35.44122190387136 -33.70534989651359)))
(88.58858858858859 ((0 0 0)(11.53410290716806 33.580281153455395 -36.71791153884494)))
(88.6886886886887 ((0 0 0)(11.740373303205477 31.601878923989503 -39.607305123091294)))
(88.78878878878879 ((0 0 0)(11.761293376989766 29.519045036572965 -42.35971041075821)))
(88.8888888888889 ((0 0 0)(11.596536248497697 27.344493067757803 -44.961138238509484)))
(88.988988988989 ((0 0 0)(11.24868430330057 25.09041299658448 -47.39758797162266)))
(89.0890890890891 ((0 0 0)(10.723191292173729 22.76829693241092 -49.655228498225185)))
(89.1891891891892 ((0 0 0)(10.028302159840752 20.388802886774553 -51.7205983353467)))
(89.2892892892893 ((0 0 0)(9.174931040070263 17.961660281251756 -53.58081940202932)))
(89.3893893893894 ((0 0 0)(8.176498187091028 15.495619492111402 -55.223818104945835)))
(89.4894894894895 ((0 0 0)(7.048727094012827 12.998446244025468 -56.63854664422458)))
(89.5895895895896 ((0 0 0)(5.809403696775651 10.476960109618375 -57.815196952377356)))
(89.6896896896897 ((0 0 0)(4.4781003673942985 7.937114790403609 -58.74539949547356)))
(89.7897897897898 ((0 0 0)(3.075868323687897 5.384116301445113 -59.42239934841887)))
(89.8898898898899 ((0 0 0)(1.6249030587777304 2.822573721174327 -59.84120253863433)))
(89.98998998999 ((0 0 0)(0.14818833876734686 0.25667587055344676 -59.998686637118084)))
(90.0900900900901 ((0 0 0)(-1.3308748596552757 -2.309613776324174 -59.893670929851524)))
(90.1901901901902 ((0 0 0)(-2.7888474833719092 -4.872352410809255 -59.52694315676547)))
(90.2902902902903 ((0 0 0)(-4.202632277188033 -7.427412312370132 -58.90124165981159)))
(90.3903903903904 ((0 0 0)(-5.549847034900657 -9.970283288452622 -58.02119371420396)))
(90.4904904904905 ((0 0 0)(-6.809184146575669 -12.495891704118566 -56.89321269708888)))
(90.5905905905906 ((0 0 0)(-7.960749927958955 -14.998443977678878 -55.52535845105322)))
(90.6906906906907 ((0 0 0)(-8.986378006318718 -17.47130141158837 -53.927166620523685)))
(90.7907907907908 ((0 0 0)(-9.869911965042649 -19.906891972028053 -52.10945380149088)))
(90.8908908908909 ((0 0 0)(-10.597453426327188 -22.296663196643266 -50.084106008739624)))
(90.990990990991 ((0 0 0)(-11.157572691194527 -24.6310788696691 -47.86385822567762)))
(91.0910910910911 ((0 0 0)(-11.541479889029313 -26.899660523413807 -45.46207268750435)))
(91.1911911911912 ((0 0 0)(-11.743155269866728 -29.091073260706494 -42.89252311070904)))
(91.2912912912913 ((0 0 0)(-11.759437786159443 -31.193253888277965 -40.169191386989645)))
(91.3913913913914 ((0 0 0)(-11.590071470317646 -33.19357793838378 -37.30608237879288)))
(91.4914914914915 ((0 0 0)(-11.237709358717257 -35.07906085917173 -34.31706145421936)))
(91.5915915915916 ((0 0 0)(-10.707874898552173 -36.83658749277885 -31.215718339059205)))
(91.6916916916917 ((0 0 0)(-10.00888096555516 -38.45316295353228 -28.015259788507)))
(91.7917917917918 ((0 0 0)(-9.151706880953894 -39.91617718992139 -24.728432523128443)))
(91.8918918918919 ((0 0 0)(-8.149834196204505 -41.213674891534744 -21.367476854085)))
(91.991991991992 ((0 0 0)(-7.019042545742855 -42.33462201875186 -17.944110454872625)))
(92.0920920920921 ((0 0 0)(-5.777167558117094 -43.269160123329456 -14.46954082975568)))
(92.1921921921922 ((0 0 0)(-4.443823644651323 -44.00883982345618 -10.954504190900586)))
(92.2922922922923 ((0 0 0)(-3.040095407178326 -44.54682531972535 -7.409327696171586)))
(92.3923923923924 ((0 0 0)(-1.5882023571905322 -44.8780626957256 -3.8440113298915373)))
(92.4924924924925 ((0 0 0)(-0.11114254024231657 -44.999405925416085 -0.26832514379144934)))
(92.5925925925926 ((0 0 0)(1.3676785687603146 -44.90969597294147 3.3080828695135542)))
(92.6926926926927 ((0 0 0)(2.8248269644558412 -44.60979006007531 6.87557330845656)))
(92.7927927927928 ((0 0 0)(4.237219557955725 -44.10254001354478 10.424401501909358)))
(92.8928928928929 ((0 0 0)(5.582496903522596 -43.3927204972627 13.944608469648594)))
(92.992992992993 ((0 0 0)(6.839382205861485 -42.48690978599764 17.42592177596385)))
(93.0930930930931 ((0 0 0)(7.988020142499278 -41.39332745408141 20.85767105954284)))
(93.1931931931932 ((0 0 0)(9.010289781456233 -40.12163485444593 24.228722597153347)))
(93.2932932932933 ((0 0 0)(9.890086761521047 -38.6827054873706 27.527436710658137)))
(93.3933933933934 ((0 0 0)(10.61357085096617 -37.088373265162424 30.741651171894237)))
(93.4934934934935 ((0 0 0)(11.169375931777683 -35.351167251983696 33.85869301271263)))
(93.5935935935936 ((0 0 0)(11.548780302716557 -33.48404170152578 36.865420320278375)))
(93.6936936936937 ((0 0 0)(11.745835907378016 -31.50011014945135 39.748294700530124)))
(93.7937937937938 ((0 0 0)(11.75745564907335 -29.412391973020533 42.49348413348468)))
(93.8938938938939 ((0 0 0)(11.583458355809846 -27.23357924150049 45.08699493161668)))
(93.993993993994 ((0 0 0)(11.22657123409622 -24.975830881277265 47.514830459171876)))
(94.0940940940941 ((0 0 0)(10.692389848434711 -22.650600198046117 49.763173195912614)))
(94.1941941941942 ((0 0 0)(9.989295845746382 -20.26850065890083 51.81858566393035)))
(94.2942942942943 ((0 0 0)(9.128332875653467 -17.83921355940834 53.66822472424844)))
(94.3943943943944 ((0 0 0)(8.12304149684122 -15.371439804140948 55.30006284710885)))
(94.4944944944945 ((0 0 0)(6.989254348570666 -12.87289653645409 56.70310923253953)))
(94.5945945945946 ((0 0 0)(5.744853522587747 -10.350357795427133 57.86762317699597)))
(94.6946946946947 ((0 0 0)(4.409492883021308 -7.809736796718832 58.78531191526855)))
(94.7947947947948 ((0 0 0)(3.004289009641458 -5.256205883844725 59.449505368987026)))
(94.8948948948949 ((0 0 0)(1.5514854165022383 -2.69434874195676 59.85530083582346)))
(94.994994994995 ((0 0 0)(0.07409563919603171 -0.12833817905351122 59.99967165773565)))
(95.0950950950951 ((0 0 0)(-1.4044684011536614 2.4378682690152687 59.88153527751228)))
(95.1951951951952 ((0 0 0)(-2.8607757447430426 5.00032339968238 59.50177775974587)))
(95.2952952952953 ((0 0 0)(-4.271756110061225 7.554884956826149 58.86323371362036)))
(95.3953953953954 ((0 0 0)(-5.615072624290289 10.097018700925041 57.970622487915044)))
(95.4954954954955 ((0 0 0)(-6.869480508619607 12.621618482136824 56.83044338282102)))
(95.5955955955956 ((0 0 0)(-8.015165239167002 15.122851149092838 55.45083431448541)))
(95.6956956956957 ((0 0 0)(-9.03405450163231 17.59403310523294 53.84139977244749)))
(95.7957957957958 ((0 0 0)(-9.91009919043955 20.027544058014694 52.01301495323582)))
(95.8958958958959 ((0 0 0)(-10.629519680258733 22.414782065421175 49.97761359680493)))
(95.995995995996 ((0 0 0)(-11.181014533806596 24.746162440403804 47.74796729375801)))
(96.0960960960961 ((0 0 0)(-11.555929636032639 27.011161493226826 45.33746389937458)))
(96.1961961961962 ((0 0 0)(-11.748386417579981 29.198404529360666 42.75989223821156)))
(96.2962962962963 ((0 0 0)(-11.75536833565147 31.29579601984923 40.02923957715291)))
(96.3963963963964 ((0 0 0)(-11.576765133116815 33.29068845369236 37.15950745642341)))
(96.4964964964965 ((0 0 0)(-11.215374636713948 35.17008509130167 34.164550464318744)))
(96.5965965965966 ((0 0 0)(-10.676862039616296 36.92087068383642 31.057941479697213)))
(96.6966966966967 ((0 0 0)(-9.969676807288456 38.53006322491875 27.852865831256658)))
(96.7967967967968 ((0 0 0)(-9.104927610805381 39.985078982114075 24.562045766141377)))
(96.8968968968969 ((0 0 0)(-8.096216079000417 41.27400244423331 21.197695603183593)))
(96.996996996997 ((0 0 0)(-6.959430700481209 42.38585244998738 17.771506981166795)))
(97.0970970970971 ((0 0 0)(-5.712502904302872 43.310835668418115 14.294662708690499)))
(97.1971971971972 ((0 0 0)(-4.375128182812052 44.04057881291906 10.77787688768107)))
(97.2972972972973 ((0 0 0)(-2.968456045679267 44.5683315102431 7.231458226777916)))
(97.3973973973974 ((0 0 0)(-1.5147535443867794 44.88913261968997 3.6653927960305066)))
(97.4974974974975 ((0 0 0)(-0.03704800332900717 44.99993399144923 0.08944191490314292)))
(97.5975975975976 ((0 0 0)(1.4412446430181043 44.899677129444335 -3.486749572896664)))
(97.6976976976977 ((0 0 0)(2.896698949874462 44.589319922936056 -7.053539687454527)))
(97.7977977977978 ((0 0 0)(4.306259244615085 44.07181245325394 -10.601175569830714)))
(97.8978978978979 ((0 0 0)(5.6476118302764275 43.35202277504266 -14.119684818540565)))
(97.997997997998 ((0 0 0)(6.899543131713479 42.43661541833533 -17.598776966382584)))
(98.0980980980981 ((0 0 0)(8.04227735165886 41.333887065853396 -21.02775986260705)))
(98.1981981981982 ((0 0 0)(9.057787958529422 40.05356534904828 -24.395475293324818)))
(98.2982982982983 ((0 0 0)(9.930078219937013 38.60657791537573 -27.69025761935578)))
(98.3983983983984 ((0 0 0)(10.645426945333275 37.00479980963683 -30.899918550763395)))
(98.4984984984985 ((0 0 0)(11.192596529688212 35.26078776849956 -34.011760425818395)))
(98.5985985985986 ((0 0 0)(11.563001230632132 33.38751025472449 -37.01261953122329)))
(98.6986986986987 ((0 0 0)(11.750834316827806 31.39808197713218 -39.88894009994306)))
(98.7987987987988 ((0 0 0)(11.753153272995386 29.305511284803348 -42.626878660887925)))
(98.8988988988989 ((0 0 0)(11.569922641298959 27.122468223872904 -45.21243739985189)))
(98.998998998999 ((0 0 0)(11.204014349089963 24.861080235857074 -47.63162413614087)))
(99.0990990990991 ((0 0 0)(10.66116556881805 22.532761486487146 -49.870635444613534)))
(99.1991991991992 ((0 0 0)(9.949894339241611 20.14808066711314 -51.91605838949897)))
(99.2992992992993 ((0 0 0)(9.081373412841248 17.716670826589063 -53.75508532846461)))
(99.3993993993994 ((0 0 0)(8.069263140291405 15.24718338953841 -55.37573534971183)))
(99.4994994994995 ((0 0 0)(6.929504699864226 12.74728702013833 -56.76707518821034)))
(99.5995995995996 ((0 0 0)(5.680075644150681 10.223710430452781 -57.91943200054766)))
(99.6996996996997 ((0 0 0)(4.340710555784226 7.6823266512924775 -58.82459022856566)))
(99.7997997997998 ((0 0 0)(2.9325905358654043 5.128274736554708 -59.47596500359041)))
(99.8998998998999 ((0 0 0)(1.4780062257614912 2.5661134241825683 -59.86874516617795)))
(100.0 ((0 0 0)(-2.3113217099970787e-14 -4.0033266343519193e-14 -59.99999999999999)))
)
