1000
(
(0 (( 0 0 0) (0 0 -0)))
(0.1001 (( 0.00098761 0 0) (0 0 -1.88464)))
(0.2002 (( 0.00394654 0 0) (0 0 -3.76184)))
(0.3003 (( 0.00886509 0 0) (0 0 -5.62418)))
(0.4004 (( 0.0157238 0 0) (0 0 -7.4643)))
(0.500501 (( 0.0244957 0 0) (0 0 -9.27493)))
(0.600601 (( 0.035146 0 0) (0 0 -11.0489)))
(0.700701 (( 0.0476327 0 0) (0 0 -12.7793)))
(0.800801 (( 0.0619064 0 0) (0 0 -14.4591)))
(0.900901 (( 0.0779108 0 0) (0 0 -16.0819)))
(1.001 (( 0.0955827 0 0) (0 0 -17.6411)))
(1.1011 (( 0.114852 0 0) (0 0 -19.1306)))
(1.2012 (( 0.135643 0 0) (0 0 -20.5445)))
(1.3013 (( 0.157873 0 0) (0 0 -21.8773)))
(1.4014 (( 0.181455 0 0) (0 0 -23.1237)))
(1.5015 (( 0.206296 0 0) (0 0 -24.2787)))
(1.6016 (( 0.232296 0 0) (0 0 -25.3378)))
(1.7017 (( 0.259354 0 0) (0 0 -26.2968)))
(1.8018 (( 0.287363 0 0) (0 0 -27.1519)))
(1.9019 (( 0.316212 0 0) (0 0 -27.8998)))
(2.002 (( 0.345786 0 0) (0 0 -28.5374)))
(2.1021 (( 0.37597 0 0) (0 0 -29.0623)))
(2.2022 (( 0.406644 0 0) (0 0 -29.4724)))
(2.3023 (( 0.437687 0 0) (0 0 -29.7661)))
(2.4024 (( 0.468976 0 0) (0 0 -29.9422)))
(2.5025 (( 0.500388 0 0) (0 0 -30)))
(2.6026 (( 0.531798 0 0) (0 0 -29.9393)))
(2.7027 (( 0.563082 0 0) (0 0 -29.7603)))
(2.8028 (( 0.594117 0 0) (0 0 -29.4637)))
(2.9029 (( 0.62478 0 0) (0 0 -29.0508)))
(3.003 (( 0.654951 0 0) (0 0 -28.5231)))
(3.1031 (( 0.684509 0 0) (0 0 -27.8827)))
(3.2032 (( 0.713338 0 0) (0 0 -27.1321)))
(3.3033 (( 0.741325 0 0) (0 0 -26.2744)))
(3.4034 (( 0.768358 0 0) (0 0 -25.3129)))
(3.5035 (( 0.794331 0 0) (0 0 -24.2514)))
(3.6036 (( 0.819142 0 0) (0 0 -23.094)))
(3.7037 (( 0.842692 0 0) (0 0 -21.8455)))
(3.8038 (( 0.864887 0 0) (0 0 -20.5106)))
(3.9039 (( 0.885642 0 0) (0 0 -19.0948)))
(4.004 (( 0.904873 0 0) (0 0 -17.6034)))
(4.1041 (( 0.922504 0 0) (0 0 -16.0426)))
(4.2042 (( 0.938467 0 0) (0 0 -14.4184)))
(4.3043 (( 0.952697 0 0) (0 0 -12.7372)))
(4.4044 (( 0.965139 0 0) (0 0 -11.0057)))
(4.5045 (( 0.975743 0 0) (0 0 -9.23069)))
(4.6046 (( 0.984468 0 0) (0 0 -7.41924)))
(4.7047 (( 0.99128 0 0) (0 0 -5.57848)))
(4.8048 (( 0.99615 0 0) (0 0 -3.71569)))
(4.9049 (( 0.99906 0 0) (0 0 -1.83822)))
(5.00501 (( 0.999999 0 0) (0 0 0.0465147)))
(5.10511 (( 0.998963 0 0) (0 0 1.93106)))
(5.20521 (( 0.995956 0 0) (0 0 3.80799)))
(5.30531 (( 0.990989 0 0) (0 0 5.66986)))
(5.40541 (( 0.984083 0 0) (0 0 7.50934)))
(5.50551 (( 0.975264 0 0) (0 0 9.31916)))
(5.60561 (( 0.964568 0 0) (0 0 11.0922)))
(5.70571 (( 0.952037 0 0) (0 0 12.8213)))
(5.80581 (( 0.937719 0 0) (0 0 14.4999)))
(5.90591 (( 0.921673 0 0) (0 0 16.1211)))
(6.00601 (( 0.903961 0 0) (0 0 17.6787)))
(6.10611 (( 0.884653 0 0) (0 0 19.1664)))
(6.20621 (( 0.863826 0 0) (0 0 20.5784)))
(6.30631 (( 0.841561 0 0) (0 0 21.9091)))
(6.40641 (( 0.817947 0 0) (0 0 23.1533)))
(6.50651 (( 0.793077 0 0) (0 0 24.306)))
(6.60661 (( 0.767049 0 0) (0 0 25.3627)))
(6.70671 (( 0.739966 0 0) (0 0 26.3192)))
(6.80681 (( 0.711935 0 0) (0 0 27.1717)))
(6.90691 (( 0.683067 0 0) (0 0 27.9169)))
(7.00701 (( 0.653476 0 0) (0 0 28.5518)))
(7.10711 (( 0.623278 0 0) (0 0 29.0739)))
(7.20721 (( 0.592594 0 0) (0 0 29.4811)))
(7.30731 (( 0.561544 0 0) (0 0 29.7719)))
(7.40741 (( 0.53025 0 0) (0 0 29.945)))
(7.50751 (( 0.498837 0 0) (0 0 29.9999)))
(7.60761 (( 0.467429 0 0) (0 0 29.9363)))
(7.70771 (( 0.436149 0 0) (0 0 29.7544)))
(7.80781 (( 0.405122 0 0) (0 0 29.4549)))
(7.90791 (( 0.374469 0 0) (0 0 29.0391)))
(8.00801 (( 0.344312 0 0) (0 0 28.5086)))
(8.10811 (( 0.314771 0 0) (0 0 27.8655)))
(8.20821 (( 0.285961 0 0) (0 0 27.1122)))
(8.30831 (( 0.257996 0 0) (0 0 26.2519)))
(8.40841 (( 0.230988 0 0) (0 0 25.2879)))
(8.50851 (( 0.205042 0 0) (0 0 24.2239)))
(8.60861 (( 0.180262 0 0) (0 0 23.0643)))
(8.70871 (( 0.156744 0 0) (0 0 21.8136)))
(8.80881 (( 0.134583 0 0) (0 0 20.4767)))
(8.90891 (( 0.113865 0 0) (0 0 19.0589)))
(9.00901 (( 0.0946729 0 0) (0 0 17.5658)))
(9.10911 (( 0.0770817 0 0) (0 0 16.0033)))
(9.20921 (( 0.0611612 0 0) (0 0 14.3776)))
(9.30931 (( 0.0469744 0 0) (0 0 12.695)))
(9.40941 (( 0.0345772 0 0) (0 0 10.9624)))
(9.50951 (( 0.0240186 0 0) (0 0 9.18642)))
(9.60961 (( 0.0153404 0 0) (0 0 7.37416)))
(9.70971 (( 0.00857678 0 0) (0 0 5.53277)))
(9.80981 (( 0.0037545 0 0) (0 0 3.66953)))
(9.90991 (( 0.000892605 0 0) (0 0 1.79179)))
(10.01 (( 2.40E-06 0 0) (0 0 -0.0930292)))
(10.1101 (( 0.00108741 0 0) (0 0 -1.97748)))
(10.2102 (( 0.00414334 0 0) (0 0 -3.85412)))
(10.3103 (( 0.00915813 0 0) (0 0 -5.71553)))
(10.4104 (( 0.016112 0 0) (0 0 -7.55437)))
(10.5105 (( 0.0249773 0 0) (0 0 -9.36336)))
(10.6106 (( 0.0357193 0 0) (0 0 -11.1354)))
(10.7107 (( 0.0482953 0 0) (0 0 -12.8634)))
(10.8108 (( 0.0626558 0 0) (0 0 -14.5406)))
(10.9109 (( 0.078744 0 0) (0 0 -16.1603)))
(11.011 (( 0.0964963 0 0) (0 0 -17.7162)))
(11.1111 (( 0.115843 0 0) (0 0 -19.2022)))
(11.2112 (( 0.136707 0 0) (0 0 -20.6122)))
(11.3113 (( 0.159006 0 0) (0 0 -21.9409)))
(11.4114 (( 0.182652 0 0) (0 0 -23.1829)))
(11.5115 (( 0.207552 0 0) (0 0 -24.3332)))
(11.6116 (( 0.233607 0 0) (0 0 -25.3875)))
(11.7117 (( 0.260714 0 0) (0 0 -26.3415)))
(11.8118 (( 0.288767 0 0) (0 0 -27.1914)))
(11.9119 (( 0.317654 0 0) (0 0 -27.9339)))
(12.012 (( 0.347262 0 0) (0 0 -28.566)))
(12.1121 (( 0.377473 0 0) (0 0 -29.0853)))
(12.2122 (( 0.408168 0 0) (0 0 -29.4897)))
(12.3123 (( 0.439226 0 0) (0 0 -29.7776)))
(12.4124 (( 0.470524 0 0) (0 0 -29.9478)))
(12.5125 (( 0.501938 0 0) (0 0 -29.9998)))
(12.6126 (( 0.533345 0 0) (0 0 -29.9332)))
(12.7127 (( 0.56462 0 0) (0 0 -29.7484)))
(12.8128 (( 0.595639 0 0) (0 0 -29.4461)))
(12.9129 (( 0.626281 0 0) (0 0 -29.0274)))
(13.013 (( 0.656424 0 0) (0 0 -28.4941)))
(13.1131 (( 0.685949 0 0) (0 0 -27.8482)))
(13.2132 (( 0.71474 0 0) (0 0 -27.0923)))
(13.3133 (( 0.742682 0 0) (0 0 -26.2294)))
(13.4134 (( 0.769665 0 0) (0 0 -25.2628)))
(13.5135 (( 0.795583 0 0) (0 0 -24.1965)))
(13.6136 (( 0.820334 0 0) (0 0 -23.0345)))
(13.7137 (( 0.843819 0 0) (0 0 -21.7816)))
(13.8138 (( 0.865946 0 0) (0 0 -20.4426)))
(13.9139 (( 0.886627 0 0) (0 0 -19.0229)))
(14.014 (( 0.905781 0 0) (0 0 -17.528)))
(14.1141 (( 0.923331 0 0) (0 0 -15.9639)))
(14.2142 (( 0.93921 0 0) (0 0 -14.3367)))
(14.3143 (( 0.953353 0 0) (0 0 -12.6529)))
(14.4144 (( 0.965706 0 0) (0 0 -10.9191)))
(14.5145 (( 0.976218 0 0) (0 0 -9.14213)))
(14.6146 (( 0.98485 0 0) (0 0 -7.32906)))
(14.7147 (( 0.991566 0 0) (0 0 -5.48705)))
(14.8148 (( 0.99634 0 0) (0 0 -3.62336)))
(14.9149 (( 0.999153 0 0) (0 0 -1.74536)))
(15.015 (( 0.999995 0 0) (0 0 0.139544)))
(15.1151 (( 0.998861 0 0) (0 0 2.02389)))
(15.2152 (( 0.995756 0 0) (0 0 3.90024)))
(15.3153 (( 0.990694 0 0) (0 0 5.76119)))
(15.4154 (( 0.983692 0 0) (0 0 7.59938)))
(15.5155 (( 0.97478 0 0) (0 0 9.40754)))
(15.6156 (( 0.963992 0 0) (0 0 11.1785)))
(15.7157 (( 0.951372 0 0) (0 0 12.9054)))
(15.8158 (( 0.936968 0 0) (0 0 14.5812)))
(15.9159 (( 0.920838 0 0) (0 0 16.1995)))
(16.016 (( 0.903045 0 0) (0 0 17.7538)))
(16.1161 (( 0.883661 0 0) (0 0 19.2379)))
(16.2162 (( 0.86276 0 0) (0 0 20.646)))
(16.3163 (( 0.840427 0 0) (0 0 21.9726)))
(16.4164 (( 0.816749 0 0) (0 0 23.2123)))
(16.5165 (( 0.791819 0 0) (0 0 24.3604)))
(16.6166 (( 0.765737 0 0) (0 0 25.4122)))
(16.7167 (( 0.738605 0 0) (0 0 26.3637)))
(16.8168 (( 0.71053 0 0) (0 0 27.211)))
(16.9169 (( 0.681623 0 0) (0 0 27.9508)))
(17.017 (( 0.652 0 0) (0 0 28.5802)))
(17.1171 (( 0.621775 0 0) (0 0 29.0966)))
(17.2172 (( 0.59107 0 0) (0 0 29.4982)))
(17.3173 (( 0.560005 0 0) (0 0 29.7832)))
(17.4174 (( 0.528702 0 0) (0 0 29.9505)))
(17.5175 (( 0.497287 0 0) (0 0 29.9996)))
(17.6176 (( 0.465882 0 0) (0 0 29.9301)))
(17.7177 (( 0.434612 0 0) (0 0 29.7424)))
(17.8178 (( 0.4036 0 0) (0 0 29.4371)))
(17.9179 (( 0.372969 0 0) (0 0 29.0156)))
(18.018 (( 0.34284 0 0) (0 0 28.4795)))
(18.1181 (( 0.313331 0 0) (0 0 27.8309)))
(18.2182 (( 0.28456 0 0) (0 0 27.0723)))
(18.3183 (( 0.256641 0 0) (0 0 26.2068)))
(18.4184 (( 0.229682 0 0) (0 0 25.2377)))
(18.5185 (( 0.203792 0 0) (0 0 24.169)))
(18.6186 (( 0.179071 0 0) (0 0 23.0047)))
(18.7187 (( 0.155619 0 0) (0 0 21.7496)))
(18.8188 (( 0.133526 0 0) (0 0 20.4086)))
(18.9189 (( 0.112882 0 0) (0 0 18.9869)))
(19.019 (( 0.093767 0 0) (0 0 17.4903)))
(19.1191 (( 0.0762566 0 0) (0 0 15.9245)))
(19.2192 (( 0.0604203 0 0) (0 0 14.2958)))
(19.3193 (( 0.0463205 0 0) (0 0 12.6107)))
(19.4194 (( 0.0340129 0 0) (0 0 10.8757)))
(19.5195 (( 0.0235461 0 0) (0 0 9.09781)))
(19.6196 (( 0.0149616 0 0) (0 0 7.28395)))
(19.7197 (( 0.00829319 0 0) (0 0 5.44131)))
(19.8198 (( 0.00356723 0 0) (0 0 3.57718)))
(19.9199 (( 0.0008024 0 0) (0 0 1.69892)))
(20.02 (( 9.62E-06 0 0) (0 0 -0.186058)))
(20.1201 (( 0.00119201 0 0) (0 0 -2.0703)))
(20.2202 (( 0.00434492 0 0) (0 0 -3.94636)))
(20.3203 (( 0.00945588 0 0) (0 0 -5.80683)))
(20.4204 (( 0.0165047 0 0) (0 0 -7.64436)))
(20.5205 (( 0.0254636 0 0) (0 0 -9.4517)))
(20.6206 (( 0.036297 0 0) (0 0 -11.2217)))
(20.7207 (( 0.0489623 0 0) (0 0 -12.9474)))
(20.8208 (( 0.0634094 0 0) (0 0 -14.6219)))
(20.9209 (( 0.0795813 0 0) (0 0 -16.2386)))
(21.021 (( 0.0974139 0 0) (0 0 -17.7912)))
(21.1211 (( 0.116837 0 0) (0 0 -19.2736)))
(21.2212 (( 0.137774 0 0) (0 0 -20.6797)))
(21.3213 (( 0.160141 0 0) (0 0 -22.0042)))
(21.4214 (( 0.183852 0 0) (0 0 -23.2418)))
(21.5215 (( 0.208811 0 0) (0 0 -24.3875)))
(21.6216 (( 0.23492 0 0) (0 0 -25.4369)))
(21.7217 (( 0.262077 0 0) (0 0 -26.3859)))
(21.8218 (( 0.290174 0 0) (0 0 -27.2305)))
(21.9219 (( 0.319099 0 0) (0 0 -27.9677)))
(22.022 (( 0.348739 0 0) (0 0 -28.5943)))
(22.1221 (( 0.378977 0 0) (0 0 -29.1079)))
(22.2222 (( 0.409693 0 0) (0 0 -29.5066)))
(22.3223 (( 0.440765 0 0) (0 0 -29.7887)))
(22.4224 (( 0.472072 0 0) (0 0 -29.9532)))
(22.5225 (( 0.503489 0 0) (0 0 -29.9993)))
(22.6226 (( 0.534892 0 0) (0 0 -29.9269)))
(22.7227 (( 0.566157 0 0) (0 0 -29.7362)))
(22.8228 (( 0.597161 0 0) (0 0 -29.4281)))
(22.9229 (( 0.627781 0 0) (0 0 -29.0038)))
(23.023 (( 0.657896 0 0) (0 0 -28.4649)))
(23.1231 (( 0.687388 0 0) (0 0 -27.8135)))
(23.2232 (( 0.716139 0 0) (0 0 -27.0522)))
(23.3233 (( 0.744036 0 0) (0 0 -26.1841)))
(23.4234 (( 0.77097 0 0) (0 0 -25.2125)))
(23.5235 (( 0.796833 0 0) (0 0 -24.1414)))
(23.6236 (( 0.821523 0 0) (0 0 -22.9748)))
(23.7237 (( 0.844943 0 0) (0 0 -21.7175)))
(23.8238 (( 0.867 0 0) (0 0 -20.3745)))
(23.9239 (( 0.887608 0 0) (0 0 -18.9509)))
(24.024 (( 0.906685 0 0) (0 0 -17.4524)))
(24.1241 (( 0.924154 0 0) (0 0 -15.8851)))
(24.2242 (( 0.939949 0 0) (0 0 -14.2549)))
(24.3243 (( 0.954005 0 0) (0 0 -12.5685)))
(24.4244 (( 0.966268 0 0) (0 0 -10.8324)))
(24.5245 (( 0.976688 0 0) (0 0 -9.05348)))
(24.6246 (( 0.985226 0 0) (0 0 -7.23882)))
(24.7247 (( 0.991847 0 0) (0 0 -5.39556)))
(24.8248 (( 0.996525 0 0) (0 0 -3.53099)))
(24.9249 (( 0.999241 0 0) (0 0 -1.65248)))
(25.025 (( 0.999985 0 0) (0 0 0.232571)))
(25.1251 (( 0.998754 0 0) (0 0 2.1167)))
(25.2252 (( 0.995553 0 0) (0 0 3.99247)))
(25.3253 (( 0.990393 0 0) (0 0 5.85246)))
(25.4254 (( 0.983297 0 0) (0 0 7.68933)))
(25.5255 (( 0.974292 0 0) (0 0 9.49583)))
(25.6256 (( 0.963412 0 0) (0 0 11.2648)))
(25.7257 (( 0.950703 0 0) (0 0 12.9893)))
(25.8258 (( 0.936212 0 0) (0 0 14.6625)))
(25.9259 (( 0.919999 0 0) (0 0 16.2777)))
(26.026 (( 0.902126 0 0) (0 0 17.8287)))
(26.1261 (( 0.882665 0 0) (0 0 19.3092)))
(26.2262 (( 0.861691 0 0) (0 0 20.7134)))
(26.3263 (( 0.83929 0 0) (0 0 22.0358)))
(26.4264 (( 0.815547 0 0) (0 0 23.2712)))
(26.5265 (( 0.790559 0 0) (0 0 24.4146)))
(26.6266 (( 0.764422 0 0) (0 0 25.4616)))
(26.7267 (( 0.737241 0 0) (0 0 26.408)))
(26.8268 (( 0.709122 0 0) (0 0 27.25)))
(26.9269 (( 0.680178 0 0) (0 0 27.9844)))
(27.027 (( 0.650522 0 0) (0 0 28.6083)))
(27.1271 (( 0.620271 0 0) (0 0 29.1192)))
(27.2272 (( 0.589545 0 0) (0 0 29.515)))
(27.3273 (( 0.558465 0 0) (0 0 29.7942)))
(27.4274 (( 0.527154 0 0) (0 0 29.9557)))
(27.5275 (( 0.495736 0 0) (0 0 29.9989)))
(27.6276 (( 0.464335 0 0) (0 0 29.9236)))
(27.7277 (( 0.433075 0 0) (0 0 29.73)))
(27.8278 (( 0.402079 0 0) (0 0 29.4191)))
(27.9279 (( 0.37147 0 0) (0 0 28.9919)))
(28.028 (( 0.341368 0 0) (0 0 28.4501)))
(28.1281 (( 0.311894 0 0) (0 0 27.796)))
(28.2282 (( 0.283162 0 0) (0 0 27.0321)))
(28.3283 (( 0.255287 0 0) (0 0 26.1614)))
(28.4284 (( 0.228379 0 0) (0 0 25.1873)))
(28.5285 (( 0.202544 0 0) (0 0 24.1137)))
(28.6286 (( 0.177884 0 0) (0 0 22.9449)))
(28.7287 (( 0.154496 0 0) (0 0 21.6854)))
(28.8288 (( 0.132473 0 0) (0 0 20.3403)))
(28.9289 (( 0.111903 0 0) (0 0 18.9148)))
(29.029 (( 0.092865 0 0) (0 0 17.4146)))
(29.1291 (( 0.0754356 0 0) (0 0 15.8456)))
(29.2292 (( 0.0596835 0 0) (0 0 14.214)))
(29.3293 (( 0.0456709 0 0) (0 0 12.5262)))
(29.4294 (( 0.033453 0 0) (0 0 10.789)))
(29.5295 (( 0.0230782 0 0) (0 0 9.00912)))
(29.6296 (( 0.0145875 0 0) (0 0 7.19367)))
(29.7297 (( 0.00801433 0 0) (0 0 5.3498)))
(29.8298 (( 0.00338474 0 0) (0 0 3.4848)))
(29.9299 (( 0.000716995 0 0) (0 0 1.60603)))
(30.03 (( 2.16E-05 0 0) (0 0 -0.279084)))
(30.1301 (( 0.00130141 0 0) (0 0 -2.1631)))
(30.2302 (( 0.00455126 0 0) (0 0 -4.03856)))
(30.3303 (( 0.00975836 0 0) (0 0 -5.89807)))
(30.4304 (( 0.0169021 0 0) (0 0 -7.73429)))
(30.5305 (( 0.0259543 0 0) (0 0 -9.53994)))
(30.6306 (( 0.0368792 0 0) (0 0 -11.3079)))
(30.7307 (( 0.0496337 0 0) (0 0 -13.0312)))
(30.8308 (( 0.0641672 0 0) (0 0 -14.703)))
(30.9309 (( 0.0804225 0 0) (0 0 -16.3168)))
(31.031 (( 0.0983353 0 0) (0 0 -17.8661)))
(31.1311 (( 0.117835 0 0) (0 0 -19.3448)))
(31.2312 (( 0.138844 0 0) (0 0 -20.747)))
(31.3313 (( 0.16128 0 0) (0 0 -22.0674)))
(31.4314 (( 0.185054 0 0) (0 0 -23.3005)))
(31.5315 (( 0.210073 0 0) (0 0 -24.4416)))
(31.6316 (( 0.236236 0 0) (0 0 -25.4861)))
(31.7317 (( 0.263442 0 0) (0 0 -26.43)))
(31.8318 (( 0.291582 0 0) (0 0 -27.2694)))
(31.9319 (( 0.320545 0 0) (0 0 -28.0012)))
(32.032 (( 0.350218 0 0) (0 0 -28.6223)))
(32.1321 (( 0.380482 0 0) (0 0 -29.1303)))
(32.2322 (( 0.411218 0 0) (0 0 -29.5233)))
(32.3323 (( 0.442305 0 0) (0 0 -29.7996)))
(32.4324 (( 0.47362 0 0) (0 0 -29.9582)))
(32.5325 (( 0.505039 0 0) (0 0 -29.9985)))
(32.6326 (( 0.536438 0 0) (0 0 -29.9202)))
(32.7327 (( 0.567693 0 0) (0 0 -29.7238)))
(32.8328 (( 0.598681 0 0) (0 0 -29.4099)))
(32.9329 (( 0.629279 0 0) (0 0 -28.9799)))
(33.033 (( 0.659367 0 0) (0 0 -28.4353)))
(33.1331 (( 0.688824 0 0) (0 0 -27.7785)))
(33.2332 (( 0.717536 0 0) (0 0 -27.0119)))
(33.3333 (( 0.745388 0 0) (0 0 -26.1386)))
(33.4334 (( 0.772271 0 0) (0 0 -25.162)))
(33.5335 (( 0.798079 0 0) (0 0 -24.086)))
(33.6336 (( 0.822709 0 0) (0 0 -22.9149)))
(33.7337 (( 0.846064 0 0) (0 0 -21.6533)))
(33.8338 (( 0.868052 0 0) (0 0 -20.3061)))
(33.9339 (( 0.888586 0 0) (0 0 -18.8787)))
(34.034 (( 0.907585 0 0) (0 0 -17.3767)))
(34.1341 (( 0.924973 0 0) (0 0 -15.8061)))
(34.2342 (( 0.940683 0 0) (0 0 -14.173)))
(34.3343 (( 0.954652 0 0) (0 0 -12.4839)))
(34.4344 (( 0.966825 0 0) (0 0 -10.7456)))
(34.5345 (( 0.977154 0 0) (0 0 -8.96474)))
(34.6346 (( 0.985598 0 0) (0 0 -7.1485)))
(34.7347 (( 0.992123 0 0) (0 0 -5.30403)))
(34.8348 (( 0.996705 0 0) (0 0 -3.43859)))
(34.9349 (( 0.999324 0 0) (0 0 -1.55958)))
(35.035 (( 0.999971 0 0) (0 0 0.325596)))
(35.1351 (( 0.998642 0 0) (0 0 2.20949)))
(35.2352 (( 0.995344 0 0) (0 0 4.08465)))
(35.3353 (( 0.990089 0 0) (0 0 5.94367)))
(35.4354 (( 0.982897 0 0) (0 0 7.77922)))
(35.5355 (( 0.973799 0 0) (0 0 9.58403)))
(35.6356 (( 0.962828 0 0) (0 0 11.351)))
(35.7357 (( 0.950029 0 0) (0 0 13.0731)))
(35.8358 (( 0.935452 0 0) (0 0 14.7436)))
(35.9359 (( 0.919155 0 0) (0 0 16.3558)))
(36.036 (( 0.901202 0 0) (0 0 17.9034)))
(36.1361 (( 0.881665 0 0) (0 0 19.3803)))
(36.2362 (( 0.860619 0 0) (0 0 20.7806)))
(36.3363 (( 0.838149 0 0) (0 0 22.0988)))
(36.4364 (( 0.814343 0 0) (0 0 23.3298)))
(36.5365 (( 0.789295 0 0) (0 0 24.4685)))
(36.6366 (( 0.763105 0 0) (0 0 25.5106)))
(36.7367 (( 0.735875 0 0) (0 0 26.452)))
(36.8368 (( 0.707713 0 0) (0 0 27.2888)))
(36.9369 (( 0.678731 0 0) (0 0 28.0178)))
(37.037 (( 0.649042 0 0) (0 0 28.6362)))
(37.1371 (( 0.618765 0 0) (0 0 29.1414)))
(37.2372 (( 0.588019 0 0) (0 0 29.5315)))
(37.3373 (( 0.556925 0 0) (0 0 29.8049)))
(37.4374 (( 0.525606 0 0) (0 0 29.9606)))
(37.5375 (( 0.494186 0 0) (0 0 29.998)))
(37.6376 (( 0.462789 0 0) (0 0 29.9168)))
(37.7377 (( 0.431539 0 0) (0 0 29.7175)))
(37.8378 (( 0.400559 0 0) (0 0 29.4007)))
(37.9379 (( 0.369972 0 0) (0 0 28.9678)))
(38.038 (( 0.339899 0 0) (0 0 28.4205)))
(38.1381 (( 0.310458 0 0) (0 0 27.7609)))
(38.2382 (( 0.281766 0 0) (0 0 26.9916)))
(38.3383 (( 0.253936 0 0) (0 0 26.1157)))
(38.4384 (( 0.227079 0 0) (0 0 25.1366)))
(38.5385 (( 0.201299 0 0) (0 0 24.0583)))
(38.6386 (( 0.1767 0 0) (0 0 22.8849)))
(38.7387 (( 0.153377 0 0) (0 0 21.621)))
(38.8388 (( 0.131424 0 0) (0 0 20.2718)))
(38.9389 (( 0.110927 0 0) (0 0 18.8425)))
(39.039 (( 0.0919669 0 0) (0 0 17.3388)))
(39.1391 (( 0.0746187 0 0) (0 0 15.7665)))
(39.2392 (( 0.058951 0 0) (0 0 14.132)))
(39.3393 (( 0.0450257 0 0) (0 0 12.4416)))
(39.4394 (( 0.0328977 0 0) (0 0 10.7021)))
(39.5395 (( 0.0226149 0 0) (0 0 8.92034)))
(39.6396 (( 0.014218 0 0) (0 0 7.10332)))
(39.7397 (( 0.00774021 0 0) (0 0 5.25824)))
(39.8398 (( 0.00320702 0 0) (0 0 3.39238)))
(39.9399 (( 0.000636391 0 0) (0 0 1.51313)))
(40.04 (( 3.85E-05 0 0) (0 0 -0.372108)))
(40.1401 (( 0.0014156 0 0) (0 0 -2.25587)))
(40.2402 (( 0.00476237 0 0) (0 0 -4.13072)))
(40.3403 (( 0.0100655 0 0) (0 0 -5.98926)))
(40.4404 (( 0.0173042 0 0) (0 0 -7.82413)))
(40.5405 (( 0.0264497 0 0) (0 0 -9.6281)))
(40.6406 (( 0.0374659 0 0) (0 0 -11.394)))
(40.7407 (( 0.0503093 0 0) (0 0 -13.1149)))
(40.8408 (( 0.0649292 0 0) (0 0 -14.7841)))
(40.9409 (( 0.0812678 0 0) (0 0 -16.3948)))
(41.041 (( 0.0992607 0 0) (0 0 -17.9407)))
(41.1411 (( 0.118837 0 0) (0 0 -19.4158)))
(41.2412 (( 0.139918 0 0) (0 0 -20.8141)))
(41.3413 (( 0.162422 0 0) (0 0 -22.1303)))
(41.4414 (( 0.18626 0 0) (0 0 -23.359)))
(41.5415 (( 0.211337 0 0) (0 0 -24.4954)))
(41.6416 (( 0.237555 0 0) (0 0 -25.5351)))
(41.7417 (( 0.264809 0 0) (0 0 -26.4739)))
(41.8418 (( 0.292992 0 0) (0 0 -27.3081)))
(41.9419 (( 0.321993 0 0) (0 0 -28.0344)))
(42.042 (( 0.351698 0 0) (0 0 -28.65)))
(42.1421 (( 0.381988 0 0) (0 0 -29.1524)))
(42.2422 (( 0.412744 0 0) (0 0 -29.5397)))
(42.3423 (( 0.443845 0 0) (0 0 -29.8102)))
(42.4424 (( 0.475168 0 0) (0 0 -29.963)))
(42.5425 (( 0.506589 0 0) (0 0 -29.9974)))
(42.6426 (( 0.537984 0 0) (0 0 -29.9133)))
(42.7427 (( 0.569229 0 0) (0 0 -29.711)))
(42.8428 (( 0.600201 0 0) (0 0 -29.3914)))
(42.9429 (( 0.630776 0 0) (0 0 -28.9557)))
(43.043 (( 0.660835 0 0) (0 0 -28.4055)))
(43.1431 (( 0.690259 0 0) (0 0 -27.7432)))
(43.2432 (( 0.718931 0 0) (0 0 -26.9713)))
(43.3433 (( 0.746738 0 0) (0 0 -26.0928)))
(43.4434 (( 0.773571 0 0) (0 0 -25.1112)))
(43.5435 (( 0.799322 0 0) (0 0 -24.0304)))
(43.6436 (( 0.823891 0 0) (0 0 -22.8547)))
(43.7437 (( 0.847181 0 0) (0 0 -21.5888)))
(43.8438 (( 0.869099 0 0) (0 0 -20.2375)))
(43.9439 (( 0.88956 0 0) (0 0 -18.8063)))
(44.044 (( 0.908481 0 0) (0 0 -17.3008)))
(44.1441 (( 0.925788 0 0) (0 0 -15.7269)))
(44.2442 (( 0.941414 0 0) (0 0 -14.0909)))
(44.3443 (( 0.955295 0 0) (0 0 -12.3993)))
(44.4444 (( 0.967378 0 0) (0 0 -10.6587)))
(44.5445 (( 0.977615 0 0) (0 0 -8.87592)))
(44.6446 (( 0.985965 0 0) (0 0 -7.05812)))
(44.7447 (( 0.992395 0 0) (0 0 -5.21244)))
(44.8448 (( 0.99688 0 0) (0 0 -3.34616)))
(44.9449 (( 0.999402 0 0) (0 0 -1.46667)))
(45.045 (( 0.999951 0 0) (0 0 0.418619)))
(45.1451 (( 0.998526 0 0) (0 0 2.30225)))
(45.2452 (( 0.99513 0 0) (0 0 4.17679)))
(45.3453 (( 0.989779 0 0) (0 0 6.03483)))
(45.4454 (( 0.982493 0 0) (0 0 7.86903)))
(45.5455 (( 0.973301 0 0) (0 0 9.67214)))
(45.6456 (( 0.962239 0 0) (0 0 11.437)))
(45.7457 (( 0.949351 0 0) (0 0 13.1568)))
(45.8458 (( 0.934688 0 0) (0 0 14.8245)))
(45.9459 (( 0.918308 0 0) (0 0 16.4337)))
(46.046 (( 0.900275 0 0) (0 0 17.978)))
(46.1461 (( 0.880661 0 0) (0 0 19.4512)))
(46.2462 (( 0.859543 0 0) (0 0 20.8476)))
(46.3463 (( 0.837005 0 0) (0 0 22.1616)))
(46.4464 (( 0.813136 0 0) (0 0 23.3881)))
(46.5465 (( 0.788029 0 0) (0 0 24.5222)))
(46.6466 (( 0.761785 0 0) (0 0 25.5595)))
(46.7467 (( 0.734507 0 0) (0 0 26.4957)))
(46.8468 (( 0.706302 0 0) (0 0 27.3273)))
(46.9469 (( 0.677282 0 0) (0 0 28.051)))
(47.047 (( 0.647562 0 0) (0 0 28.6638)))
(47.1471 (( 0.617259 0 0) (0 0 29.1634)))
(47.2472 (( 0.586492 0 0) (0 0 29.5477)))
(47.3473 (( 0.555384 0 0) (0 0 29.8154)))
(47.4474 (( 0.524057 0 0) (0 0 29.9653)))
(47.5475 (( 0.492635 0 0) (0 0 29.9967)))
(47.6476 (( 0.461243 0 0) (0 0 29.9097)))
(47.7477 (( 0.430003 0 0) (0 0 29.7046)))
(47.8478 (( 0.39904 0 0) (0 0 29.3821)))
(47.9479 (( 0.368476 0 0) (0 0 28.9435)))
(48.048 (( 0.338431 0 0) (0 0 28.3906)))
(48.1481 (( 0.309024 0 0) (0 0 27.7255)))
(48.2482 (( 0.280372 0 0) (0 0 26.9509)))
(48.3483 (( 0.252588 0 0) (0 0 26.0698)))
(48.4484 (( 0.225781 0 0) (0 0 25.0857)))
(48.5485 (( 0.200057 0 0) (0 0 24.0026)))
(48.6486 (( 0.175518 0 0) (0 0 22.8246)))
(48.7487 (( 0.152261 0 0) (0 0 21.5564)))
(48.8488 (( 0.130378 0 0) (0 0 20.2031)))
(48.9489 (( 0.109955 0 0) (0 0 18.77)))
(49.049 (( 0.0910727 0 0) (0 0 17.2628)))
(49.1491 (( 0.0738059 0 0) (0 0 15.6873)))
(49.2492 (( 0.0582228 0 0) (0 0 14.0499)))
(49.3493 (( 0.0443848 0 0) (0 0 12.3569)))
(49.4494 (( 0.0323468 0 0) (0 0 10.6152)))
(49.5495 (( 0.0221562 0 0) (0 0 8.83148)))
(49.6496 (( 0.0138532 0 0) (0 0 7.0129)))
(49.7497 (( 0.00747081 0 0) (0 0 5.16662)))
(49.8498 (( 0.00303408 0 0) (0 0 3.29993)))
(49.9499 (( 0.000560589 0 0) (0 0 1.42021)))
(50.0501 (( 6.01E-05 0 0) (0 0 -0.465128)))
(50.1502 (( 0.00153459 0 0) (0 0 -2.34863)))
(50.2503 (( 0.00497824 0 0) (0 0 -4.22285)))
(50.3504 (( 0.0103774 0 0) (0 0 -6.08039)))
(50.4505 (( 0.0177109 0 0) (0 0 -7.9139)))
(50.5506 (( 0.0269495 0 0) (0 0 -9.71616)))
(50.6507 (( 0.038057 0 0) (0 0 -11.48)))
(50.7508 (( 0.0509893 0 0) (0 0 -13.1986)))
(50.8509 (( 0.0656954 0 0) (0 0 -14.8649)))
(50.951 (( 0.0821172 0 0) (0 0 -16.4726)))
(51.0511 (( 0.10019 0 0) (0 0 -18.0152)))
(51.1512 (( 0.119842 0 0) (0 0 -19.4866)))
(51.2513 (( 0.140996 0 0) (0 0 -20.881)))
(51.3514 (( 0.163568 0 0) (0 0 -22.193)))
(51.4515 (( 0.187469 0 0) (0 0 -23.4172)))
(51.5516 (( 0.212605 0 0) (0 0 -24.549)))
(51.6517 (( 0.238876 0 0) (0 0 -25.5838)))
(51.7518 (( 0.266178 0 0) (0 0 -26.5175)))
(51.8519 (( 0.294405 0 0) (0 0 -27.3465)))
(51.952 (( 0.323443 0 0) (0 0 -28.0674)))
(52.0521 (( 0.353179 0 0) (0 0 -28.6775)))
(52.1522 (( 0.383495 0 0) (0 0 -29.1742)))
(52.2523 (( 0.414271 0 0) (0 0 -29.5557)))
(52.3524 (( 0.445386 0 0) (0 0 -29.8205)))
(52.4525 (( 0.476717 0 0) (0 0 -29.9675)))
(52.5526 (( 0.50814 0 0) (0 0 -29.996)))
(52.6527 (( 0.53953 0 0) (0 0 -29.9061)))
(52.7528 (( 0.570765 0 0) (0 0 -29.698)))
(52.8529 (( 0.601719 0 0) (0 0 -29.3726)))
(52.953 (( 0.632272 0 0) (0 0 -28.9312)))
(53.0531 (( 0.662303 0 0) (0 0 -28.3755)))
(53.1532 (( 0.691692 0 0) (0 0 -27.7077)))
(53.2533 (( 0.720324 0 0) (0 0 -26.9304)))
(53.3534 (( 0.748086 0 0) (0 0 -26.0467)))
(53.4535 (( 0.774867 0 0) (0 0 -25.0602)))
(53.5536 (( 0.800563 0 0) (0 0 -23.9746)))
(53.6537 (( 0.825071 0 0) (0 0 -22.7944)))
(53.7538 (( 0.848295 0 0) (0 0 -21.5241)))
(53.8539 (( 0.870144 0 0) (0 0 -20.1687)))
(53.954 (( 0.89053 0 0) (0 0 -18.7337)))
(54.0541 (( 0.909373 0 0) (0 0 -17.2247)))
(54.1542 (( 0.926599 0 0) (0 0 -15.6476)))
(54.2543 (( 0.94214 0 0) (0 0 -14.0087)))
(54.3544 (( 0.955934 0 0) (0 0 -12.3145)))
(54.4545 (( 0.967927 0 0) (0 0 -10.5716)))
(54.5546 (( 0.978071 0 0) (0 0 -8.78701)))
(54.6547 (( 0.986327 0 0) (0 0 -6.96767)))
(54.7548 (( 0.992662 0 0) (0 0 -5.1208)))
(54.8549 (( 0.997051 0 0) (0 0 -3.2537)))
(54.955 (( 0.999476 0 0) (0 0 -1.37374)))
(55.0551 (( 0.999927 0 0) (0 0 0.511637)))
(55.1552 (( 0.998404 0 0) (0 0 2.395)))
(55.2553 (( 0.994912 0 0) (0 0 4.26889)))
(55.3554 (( 0.989465 0 0) (0 0 6.12593)))
(55.4555 (( 0.982084 0 0) (0 0 7.95876)))
(55.5556 (( 0.972799 0 0) (0 0 9.76016)))
(55.6557 (( 0.961646 0 0) (0 0 11.523)))
(55.7558 (( 0.948669 0 0) (0 0 13.2403)))
(55.8559 (( 0.93392 0 0) (0 0 14.9053)))
(55.956 (( 0.917457 0 0) (0 0 16.5114)))
(56.0561 (( 0.899344 0 0) (0 0 18.0523)))
(56.1562 (( 0.879654 0 0) (0 0 19.5219)))
(56.2563 (( 0.858464 0 0) (0 0 20.9144)))
(56.3564 (( 0.835858 0 0) (0 0 22.2242)))
(56.4565 (( 0.811926 0 0) (0 0 23.4463)))
(56.5566 (( 0.786761 0 0) (0 0 24.5757)))
(56.6567 (( 0.760463 0 0) (0 0 25.6081)))
(56.7568 (( 0.733136 0 0) (0 0 26.5392)))
(56.8569 (( 0.704888 0 0) (0 0 27.3656)))
(56.957 (( 0.675831 0 0) (0 0 28.0838)))
(57.0571 (( 0.64608 0 0) (0 0 28.6911)))
(57.1572 (( 0.615751 0 0) (0 0 29.185)))
(57.2573 (( 0.584965 0 0) (0 0 29.5637)))
(57.3574 (( 0.553843 0 0) (0 0 29.8255)))
(57.4575 (( 0.522509 0 0) (0 0 29.9696)))
(57.5576 (( 0.491085 0 0) (0 0 29.9952)))
(57.6577 (( 0.459697 0 0) (0 0 29.9024)))
(57.7578 (( 0.428468 0 0) (0 0 29.6914)))
(57.8579 (( 0.397522 0 0) (0 0 29.3631)))
(57.958 (( 0.36698 0 0) (0 0 28.9189)))
(58.0581 (( 0.336964 0 0) (0 0 28.3604)))
(58.1582 (( 0.307592 0 0) (0 0 27.6898)))
(58.2583 (( 0.27898 0 0) (0 0 26.9099)))
(58.3584 (( 0.251242 0 0) (0 0 26.0236)))
(58.4585 (( 0.224486 0 0) (0 0 25.0346)))
(58.5586 (( 0.198818 0 0) (0 0 23.9466)))
(58.6587 (( 0.17434 0 0) (0 0 22.7641)))
(58.7588 (( 0.151149 0 0) (0 0 21.4916)))
(58.8589 (( 0.129336 0 0) (0 0 20.1343)))
(58.959 (( 0.108987 0 0) (0 0 18.6974)))
(59.0591 (( 0.0901825 0 0) (0 0 17.1866)))
(59.1592 (( 0.0729972 0 0) (0 0 15.6079)))
(59.2593 (( 0.0574988 0 0) (0 0 13.9676)))
(59.3594 (( 0.0437484 0 0) (0 0 12.2721)))
(59.4595 (( 0.0318004 0 0) (0 0 10.5281)))
(59.5596 (( 0.021702 0 0) (0 0 8.74253)))
(59.6597 (( 0.0134931 0 0) (0 0 6.92242)))
(59.7598 (( 0.00720615 0 0) (0 0 5.07496)))
(59.8599 (( 0.00286592 0 0) (0 0 3.20745)))
(59.96 (( 0.00048959 0 0) (0 0 1.32728)))
(60.0601 (( 8.65E-05 0 0) (0 0 -0.558144)))
(60.1602 (( 0.00165837 0 0) (0 0 -2.44136)))
(60.2603 (( 0.00519887 0 0) (0 0 -4.31493)))
(60.3604 (( 0.010694 0 0) (0 0 -6.17146)))
(60.4605 (( 0.0181222 0 0) (0 0 -8.0036)))
(60.5606 (( 0.027454 0 0) (0 0 -9.80413)))
(60.6607 (( 0.0386525 0 0) (0 0 -11.5659)))
(60.7608 (( 0.0516736 0 0) (0 0 -13.282)))
(60.8609 (( 0.0664657 0 0) (0 0 -14.9457)))
(60.961 (( 0.0829705 0 0) (0 0 -16.5503)))
(61.0611 (( 0.101123 0 0) (0 0 -18.0895)))
(61.1612 (( 0.120851 0 0) (0 0 -19.5572)))
(61.2613 (( 0.142077 0 0) (0 0 -20.9477)))
(61.3614 (( 0.164716 0 0) (0 0 -22.2555)))
(61.4615 (( 0.188681 0 0) (0 0 -23.4753)))
(61.5616 (( 0.213875 0 0) (0 0 -24.6024)))
(61.6617 (( 0.240199 0 0) (0 0 -25.6323)))
(61.7618 (( 0.26755 0 0) (0 0 -26.5609)))
(61.8619 (( 0.295819 0 0) (0 0 -27.3846)))
(61.962 (( 0.324895 0 0) (0 0 -28.1001)))
(62.0621 (( 0.354662 0 0) (0 0 -28.7046)))
(62.1622 (( 0.385004 0 0) (0 0 -29.1958)))
(62.2623 (( 0.415799 0 0) (0 0 -29.5716)))
(62.3624 (( 0.446928 0 0) (0 0 -29.8305)))
(62.4625 (( 0.478266 0 0) (0 0 -29.9716)))
(62.5626 (( 0.50969 0 0) (0 0 -29.9944)))
(62.6627 (( 0.541076 0 0) (0 0 -29.8986)))
(62.7628 (( 0.572299 0 0) (0 0 -29.6847)))
(62.8629 (( 0.603237 0 0) (0 0 -29.3536)))
(62.963 (( 0.633767 0 0) (0 0 -28.9065)))
(63.0631 (( 0.663768 0 0) (0 0 -28.3452)))
(63.1632 (( 0.693123 0 0) (0 0 -27.6719)))
(63.2633 (( 0.721715 0 0) (0 0 -26.8893)))
(63.3634 (( 0.74943 0 0) (0 0 -26.0005)))
(63.4635 (( 0.776161 0 0) (0 0 -25.0089)))
(63.5636 (( 0.8018 0 0) (0 0 -23.9186)))
(63.6637 (( 0.826248 0 0) (0 0 -22.7338)))
(63.7638 (( 0.849406 0 0) (0 0 -21.4592)))
(63.8639 (( 0.871184 0 0) (0 0 -20.0998)))
(63.964 (( 0.891496 0 0) (0 0 -18.661)))
(64.0641 (( 0.910261 0 0) (0 0 -17.1484)))
(64.1642 (( 0.927406 0 0) (0 0 -15.5682)))
(64.2643 (( 0.942862 0 0) (0 0 -13.9264)))
(64.3644 (( 0.956568 0 0) (0 0 -12.2296)))
(64.4645 (( 0.968471 0 0) (0 0 -10.4845)))
(64.5646 (( 0.978523 0 0) (0 0 -8.69802)))
(64.6647 (( 0.986685 0 0) (0 0 -6.87715)))
(64.7648 (( 0.992924 0 0) (0 0 -5.02911)))
(64.8649 (( 0.997216 0 0) (0 0 -3.1612)))
(64.965 (( 0.999544 0 0) (0 0 -1.28081)))
(65.0651 (( 0.999898 0 0) (0 0 0.60465)))
(65.1652 (( 0.998278 0 0) (0 0 2.48772)))
(65.2653 (( 0.994689 0 0) (0 0 4.36096)))
(65.3654 (( 0.989146 0 0) (0 0 6.21697)))
(65.4655 (( 0.98167 0 0) (0 0 8.04842)))
(65.5656 (( 0.972292 0 0) (0 0 9.84808)))
(65.6657 (( 0.961048 0 0) (0 0 11.6088)))
(65.7658 (( 0.947983 0 0) (0 0 13.3237)))
(65.8659 (( 0.933148 0 0) (0 0 14.986)))
(65.966 (( 0.916601 0 0) (0 0 16.589)))
(66.0661 (( 0.898409 0 0) (0 0 18.1266)))
(66.1662 (( 0.878643 0 0) (0 0 19.5925)))
(66.2663 (( 0.857382 0 0) (0 0 20.981)))
(66.3664 (( 0.834708 0 0) (0 0 22.2866)))
(66.4665 (( 0.810712 0 0) (0 0 23.5042)))
(66.5666 (( 0.785489 0 0) (0 0 24.629)))
(66.6667 (( 0.759138 0 0) (0 0 25.6564)))
(66.7668 (( 0.731763 0 0) (0 0 26.5825)))
(66.8669 (( 0.703473 0 0) (0 0 27.4036)))
(66.967 (( 0.674379 0 0) (0 0 28.1164)))
(67.0671 (( 0.644596 0 0) (0 0 28.7181)))
(67.1672 (( 0.614242 0 0) (0 0 29.2064)))
(67.2673 (( 0.583436 0 0) (0 0 29.5794)))
(67.3674 (( 0.552301 0 0) (0 0 29.8354)))
(67.4675 (( 0.520959 0 0) (0 0 29.9736)))
(67.5676 (( 0.489535 0 0) (0 0 29.9934)))
(67.6677 (( 0.458152 0 0) (0 0 29.8947)))
(67.7678 (( 0.426934 0 0) (0 0 29.678)))
(67.8679 (( 0.396005 0 0) (0 0 29.3439)))
(67.968 (( 0.365486 0 0) (0 0 28.894)))
(68.0681 (( 0.335499 0 0) (0 0 28.3299)))
(68.1682 (( 0.306162 0 0) (0 0 27.6539)))
(68.2683 (( 0.277591 0 0) (0 0 26.8686)))
(68.3684 (( 0.249898 0 0) (0 0 25.9772)))
(68.4685 (( 0.223193 0 0) (0 0 24.9832)))
(68.5686 (( 0.197582 0 0) (0 0 23.8905)))
(68.6687 (( 0.173165 0 0) (0 0 22.7034)))
(68.7688 (( 0.15004 0 0) (0 0 21.4266)))
(68.8689 (( 0.128297 0 0) (0 0 20.0652)))
(68.969 (( 0.108022 0 0) (0 0 18.6245)))
(69.0691 (( 0.0892962 0 0) (0 0 17.1103)))
(69.1692 (( 0.0721926 0 0) (0 0 15.5284)))
(69.2693 (( 0.056779 0 0) (0 0 13.8852)))
(69.3694 (( 0.0431163 0 0) (0 0 12.1871)))
(69.4695 (( 0.0312585 0 0) (0 0 10.4409)))
(69.5696 (( 0.0212525 0 0) (0 0 8.65349)))
(69.6697 (( 0.0131377 0 0) (0 0 6.83187)))
(69.7698 (( 0.00694624 0 0) (0 0 4.98325)))
(69.8699 (( 0.00270254 0 0) (0 0 3.11494)))
(69.97 (( 0.000423395 0 0) (0 0 1.23433)))
(70.0701 (( 0.000117792 0 0) (0 0 -0.651154)))
(70.1702 (( 0.00178694 0 0) (0 0 -2.53407)))
(70.2703 (( 0.00542426 0 0) (0 0 -4.40697)))
(70.3704 (( 0.0110154 0 0) (0 0 -6.26247)))
(70.4705 (( 0.0185382 0 0) (0 0 -8.09322)))
(70.5706 (( 0.027963 0 0) (0 0 -9.892)))
(70.6707 (( 0.0392525 0 0) (0 0 -11.6517)))
(70.7708 (( 0.0523622 0 0) (0 0 -13.3654)))
(70.8709 (( 0.0672403 0 0) (0 0 -15.0263)))
(70.971 (( 0.0838279 0 0) (0 0 -16.6278)))
(71.0711 (( 0.10206 0 0) (0 0 -18.1636)))
(71.1712 (( 0.121863 0 0) (0 0 -19.6277)))
(71.2713 (( 0.143161 0 0) (0 0 -21.0142)))
(71.3714 (( 0.165868 0 0) (0 0 -22.3177)))
(71.4715 (( 0.189895 0 0) (0 0 -23.5331)))
(71.5716 (( 0.215148 0 0) (0 0 -24.6555)))
(71.6717 (( 0.241525 0 0) (0 0 -25.6805)))
(71.7718 (( 0.268924 0 0) (0 0 -26.604)))
(71.8719 (( 0.297235 0 0) (0 0 -27.4225)))
(71.972 (( 0.326348 0 0) (0 0 -28.1326)))
(72.0721 (( 0.356146 0 0) (0 0 -28.7316)))
(72.1722 (( 0.386513 0 0) (0 0 -29.217)))
(72.2723 (( 0.417328 0 0) (0 0 -29.5871)))
(72.3724 (( 0.44847 0 0) (0 0 -29.8403)))
(72.4725 (( 0.479815 0 0) (0 0 -29.9755)))
(72.5726 (( 0.51124 0 0) (0 0 -29.9924)))
(72.6727 (( 0.542621 0 0) (0 0 -29.8908)))
(72.7728 (( 0.573833 0 0) (0 0 -29.6711)))
(72.8729 (( 0.604753 0 0) (0 0 -29.3342)))
(72.973 (( 0.63526 0 0) (0 0 -28.8814)))
(73.0731 (( 0.665233 0 0) (0 0 -28.3145)))
(73.1732 (( 0.694552 0 0) (0 0 -27.6358)))
(73.2733 (( 0.723103 0 0) (0 0 -26.8479)))
(73.3734 (( 0.750773 0 0) (0 0 -25.9539)))
(73.4735 (( 0.777452 0 0) (0 0 -24.9574)))
(73.5736 (( 0.803035 0 0) (0 0 -23.8623)))
(73.6737 (( 0.827421 0 0) (0 0 -22.673)))
(73.7738 (( 0.850513 0 0) (0 0 -21.394)))
(73.8739 (( 0.872221 0 0) (0 0 -20.0306)))
(73.974 (( 0.892459 0 0) (0 0 -18.588)))
(74.0741 (( 0.911145 0 0) (0 0 -17.072)))
(74.1742 (( 0.928208 0 0) (0 0 -15.4886)))
(74.2743 (( 0.943579 0 0) (0 0 -13.8439)))
(74.3744 (( 0.957198 0 0) (0 0 -12.1446)))
(74.4745 (( 0.969011 0 0) (0 0 -10.3973)))
(74.5746 (( 0.978971 0 0) (0 0 -8.60895)))
(74.6747 (( 0.987038 0 0) (0 0 -6.78656)))
(74.7748 (( 0.993182 0 0) (0 0 -4.93737)))
(74.8749 (( 0.997377 0 0) (0 0 -3.06867)))
(74.975 (( 0.999608 0 0) (0 0 -1.18785)))
(75.0751 (( 0.999865 0 0) (0 0 0.697657)))
(75.1752 (( 0.998147 0 0) (0 0 2.58041)))
(75.2753 (( 0.994461 0 0) (0 0 4.45298)))
(75.3754 (( 0.988822 0 0) (0 0 6.30795)))
(75.4755 (( 0.981252 0 0) (0 0 8.138)))
(75.5756 (( 0.971781 0 0) (0 0 9.9359)))
(75.6757 (( 0.960446 0 0) (0 0 11.6946)))
(75.7758 (( 0.947292 0 0) (0 0 13.407)))
(75.8759 (( 0.932371 0 0) (0 0 15.0665)))
(75.976 (( 0.915742 0 0) (0 0 16.6665)))
(76.0761 (( 0.897471 0 0) (0 0 18.2006)))
(76.1762 (( 0.877629 0 0) (0 0 19.6628)))
(76.2763 (( 0.856296 0 0) (0 0 21.0474)))
(76.3764 (( 0.833555 0 0) (0 0 22.3488)))
(76.4765 (( 0.809496 0 0) (0 0 23.5619)))
(76.5766 (( 0.784215 0 0) (0 0 24.682)))
(76.6767 (( 0.757811 0 0) (0 0 25.7045)))
(76.7768 (( 0.730388 0 0) (0 0 26.6255)))
(76.8769 (( 0.702056 0 0) (0 0 27.4413)))
(76.977 (( 0.672925 0 0) (0 0 28.1487)))
(77.0771 (( 0.643111 0 0) (0 0 28.7449)))
(77.1772 (( 0.612732 0 0) (0 0 29.2275)))
(77.2773 (( 0.581907 0 0) (0 0 29.5947)))
(77.3774 (( 0.550759 0 0) (0 0 29.845)))
(77.4775 (( 0.51941 0 0) (0 0 29.9774)))
(77.5776 (( 0.487985 0 0) (0 0 29.9913)))
(77.6777 (( 0.456607 0 0) (0 0 29.8868)))
(77.7778 (( 0.4254 0 0) (0 0 29.6642)))
(77.8779 (( 0.394489 0 0) (0 0 29.3244)))
(77.978 (( 0.363994 0 0) (0 0 28.8688)))
(78.0781 (( 0.334036 0 0) (0 0 28.2991)))
(78.1782 (( 0.304734 0 0) (0 0 27.6177)))
(78.2783 (( 0.276203 0 0) (0 0 26.8271)))
(78.3784 (( 0.248557 0 0) (0 0 25.9306)))
(78.4785 (( 0.221903 0 0) (0 0 24.9316)))
(78.5786 (( 0.196349 0 0) (0 0 23.8341)))
(78.6787 (( 0.171993 0 0) (0 0 22.6425)))
(78.7788 (( 0.148934 0 0) (0 0 21.3614)))
(78.8789 (( 0.127262 0 0) (0 0 19.9959)))
(78.979 (( 0.107062 0 0) (0 0 18.5515)))
(79.0791 (( 0.0884139 0 0) (0 0 17.0338)))
(79.1792 (( 0.0713921 0 0) (0 0 15.4487)))
(79.2793 (( 0.0560635 0 0) (0 0 13.8027)))
(79.3794 (( 0.0424887 0 0) (0 0 12.1021)))
(79.4795 (( 0.0307212 0 0) (0 0 10.3537)))
(79.5796 (( 0.0208076 0 0) (0 0 8.56438)))
(79.6797 (( 0.012787 0 0) (0 0 6.74125)))
(79.7798 (( 0.00669106 0 0) (0 0 4.89149)))
(79.8799 (( 0.00254395 0 0) (0 0 3.0224)))
(79.98 (( 0.000362003 0 0) (0 0 1.14138)))
(80.0801 (( 0.000153849 0 0) (0 0 -0.744159)))
(80.1802 (( 0.00192031 0 0) (0 0 -2.62675)))
(80.2803 (( 0.0056544 0 0) (0 0 -4.49897)))
(80.3804 (( 0.0113414 0 0) (0 0 -6.35341)))
(80.4805 (( 0.0189588 0 0) (0 0 -8.18276)))
(80.5806 (( 0.0284765 0 0) (0 0 -9.97978)))
(80.6807 (( 0.0398569 0 0) (0 0 -11.7374)))
(80.7808 (( 0.0530551 0 0) (0 0 -13.4486)))
(80.8809 (( 0.0680189 0 0) (0 0 -15.1067)))
(80.981 (( 0.0846893 0 0) (0 0 -16.7051)))
(81.0811 (( 0.103 0 0) (0 0 -18.2376)))
(81.1812 (( 0.12288 0 0) (0 0 -19.6979)))
(81.2813 (( 0.144249 0 0) (0 0 -21.0805)))
(81.3814 (( 0.167023 0 0) (0 0 -22.3798)))
(81.4815 (( 0.191113 0 0) (0 0 -23.5907)))
(81.5816 (( 0.216423 0 0) (0 0 -24.7084)))
(81.6817 (( 0.242854 0 0) (0 0 -25.7284)))
(81.7818 (( 0.2703 0 0) (0 0 -26.6469)))
(81.8819 (( 0.298654 0 0) (0 0 -27.4601)))
(81.982 (( 0.327803 0 0) (0 0 -28.1647)))
(82.0821 (( 0.357632 0 0) (0 0 -28.7582)))
(82.1822 (( 0.388024 0 0) (0 0 -29.238)))
(82.2823 (( 0.418858 0 0) (0 0 -29.6023)))
(82.3824 (( 0.450012 0 0) (0 0 -29.8497)))
(82.4825 (( 0.481364 0 0) (0 0 -29.9792)))
(82.5826 (( 0.51279 0 0) (0 0 -29.9902)))
(82.6827 (( 0.544165 0 0) (0 0 -29.8827)))
(82.7828 (( 0.575366 0 0) (0 0 -29.6572)))
(82.8829 (( 0.606269 0 0) (0 0 -29.3146)))
(82.983 (( 0.636752 0 0) (0 0 -28.8561)))
(83.0831 (( 0.666695 0 0) (0 0 -28.2837)))
(83.1832 (( 0.69598 0 0) (0 0 -27.5995)))
(83.2833 (( 0.72449 0 0) (0 0 -26.8063)))
(83.3834 (( 0.752113 0 0) (0 0 -25.9071)))
(83.4835 (( 0.778741 0 0) (0 0 -24.9057)))
(83.5836 (( 0.804267 0 0) (0 0 -23.8058)))
(83.6837 (( 0.828591 0 0) (0 0 -22.6119)))
(83.7838 (( 0.851617 0 0) (0 0 -21.3287)))
(83.8839 (( 0.873255 0 0) (0 0 -19.9612)))
(83.984 (( 0.893417 0 0) (0 0 -18.5149)))
(84.0841 (( 0.912026 0 0) (0 0 -16.9954)))
(84.1842 (( 0.929007 0 0) (0 0 -15.4088)))
(84.2843 (( 0.944293 0 0) (0 0 -13.7613)))
(84.3844 (( 0.957824 0 0) (0 0 -12.0595)))
(84.4845 (( 0.969546 0 0) (0 0 -10.31)))
(84.5846 (( 0.979413 0 0) (0 0 -8.51979)))
(84.6847 (( 0.987387 0 0) (0 0 -6.69591)))
(84.7848 (( 0.993435 0 0) (0 0 -4.84559)))
(84.8849 (( 0.997534 0 0) (0 0 -2.97612)))
(84.985 (( 0.999667 0 0) (0 0 -1.09489)))
(85.0851 (( 0.999826 0 0) (0 0 0.790658)))
(85.1852 (( 0.998011 0 0) (0 0 2.67309)))
(85.2853 (( 0.994229 0 0) (0 0 4.54495)))
(85.3854 (( 0.988494 0 0) (0 0 6.39887)))
(85.4855 (( 0.980829 0 0) (0 0 8.2275)))
(85.5856 (( 0.971265 0 0) (0 0 10.0236)))
(85.6857 (( 0.959839 0 0) (0 0 11.7802)))
(85.7858 (( 0.946597 0 0) (0 0 13.4902)))
(85.8859 (( 0.93159 0 0) (0 0 15.1469)))
(85.986 (( 0.914879 0 0) (0 0 16.7437)))
(86.0861 (( 0.896528 0 0) (0 0 18.2745)))
(86.1862 (( 0.876611 0 0) (0 0 19.733)))
(86.2863 (( 0.855206 0 0) (0 0 21.1136)))
(86.3864 (( 0.832398 0 0) (0 0 22.4107)))
(86.4865 (( 0.808277 0 0) (0 0 23.6194)))
(86.5866 (( 0.782938 0 0) (0 0 24.7347)))
(86.6867 (( 0.756481 0 0) (0 0 25.7523)))
(86.7868 (( 0.729011 0 0) (0 0 26.6682)))
(86.8869 (( 0.700637 0 0) (0 0 27.4788)))
(86.987 (( 0.671469 0 0) (0 0 28.1807)))
(87.0871 (( 0.641625 0 0) (0 0 28.7714)))
(87.1872 (( 0.611221 0 0) (0 0 29.2484)))
(87.2873 (( 0.580377 0 0) (0 0 29.6098)))
(87.3874 (( 0.549216 0 0) (0 0 29.8543)))
(87.4875 (( 0.517861 0 0) (0 0 29.9809)))
(87.5876 (( 0.486435 0 0) (0 0 29.989)))
(87.6877 (( 0.455063 0 0) (0 0 29.8786)))
(87.7878 (( 0.423868 0 0) (0 0 29.6502)))
(87.8879 (( 0.392974 0 0) (0 0 29.3047)))
(87.988 (( 0.362502 0 0) (0 0 28.8434)))
(88.0881 (( 0.332574 0 0) (0 0 28.2681)))
(88.1882 (( 0.303307 0 0) (0 0 27.5812)))
(88.2883 (( 0.274818 0 0) (0 0 26.7853)))
(88.3884 (( 0.247218 0 0) (0 0 25.8837)))
(88.4885 (( 0.220616 0 0) (0 0 24.8797)))
(88.5886 (( 0.195118 0 0) (0 0 23.7775)))
(88.6887 (( 0.170825 0 0) (0 0 22.5813)))
(88.7888 (( 0.147832 0 0) (0 0 21.296)))
(88.8889 (( 0.12623 0 0) (0 0 19.9265)))
(88.989 (( 0.106105 0 0) (0 0 18.4783)))
(89.0891 (( 0.0875355 0 0) (0 0 16.9571)))
(89.1892 (( 0.0705957 0 0) (0 0 15.3689)))
(89.2893 (( 0.0553523 0 0) (0 0 13.72)))
(89.3894 (( 0.0418654 0 0) (0 0 12.0169)))
(89.4895 (( 0.0301883 0 0) (0 0 10.2663)))
(89.5896 (( 0.0203672 0 0) (0 0 8.47518)))
(89.6897 (( 0.0124409 0 0) (0 0 6.65056)))
(89.7898 (( 0.00644062 0 0) (0 0 4.79968)))
(89.8899 (( 0.00239013 0 0) (0 0 2.92983)))
(89.99 (( 0.000305415 0 0) (0 0 1.04841)))
(90.0901 (( 0.000194713 0 0) (0 0 -0.837156)))
(90.1902 (( 0.00205846 0 0) (0 0 -2.71941)))
(90.2903 (( 0.0058893 0 0) (0 0 -4.59093)))
(90.3904 (( 0.0116721 0 0) (0 0 -6.4443)))
(90.4905 (( 0.019384 0 0) (0 0 -8.27222)))
(90.5906 (( 0.0289945 0 0) (0 0 -10.0675)))
(90.6907 (( 0.0404657 0 0) (0 0 -11.8229)))
(90.7908 (( 0.0537523 0 0) (0 0 -13.5317)))
(90.8909 (( 0.0688018 0 0) (0 0 -15.187)))
(90.991 (( 0.0855547 0 0) (0 0 -16.7823)))
(91.0911 (( 0.103945 0 0) (0 0 -18.3113)))
(91.1912 (( 0.123899 0 0) (0 0 -19.768)))
(91.2913 (( 0.14534 0 0) (0 0 -21.1466)))
(91.3914 (( 0.168181 0 0) (0 0 -22.4416)))
(91.4915 (( 0.192334 0 0) (0 0 -23.648)))
(91.5916 (( 0.217702 0 0) (0 0 -24.761)))
(91.6917 (( 0.244185 0 0) (0 0 -25.7762)))
(91.7918 (( 0.271678 0 0) (0 0 -26.6895)))
(91.8919 (( 0.300074 0 0) (0 0 -27.4974)))
(91.992 (( 0.329259 0 0) (0 0 -28.1967)))
(92.0921 (( 0.359119 0 0) (0 0 -28.7845)))
(92.1922 (( 0.389535 0 0) (0 0 -29.2587)))
(92.2923 (( 0.420388 0 0) (0 0 -29.6173)))
(92.3924 (( 0.451555 0 0) (0 0 -29.8589)))
(92.4925 (( 0.482914 0 0) (0 0 -29.9825)))
(92.5926 (( 0.51434 0 0) (0 0 -29.9877)))
(92.6927 (( 0.54571 0 0) (0 0 -29.8744)))
(92.7928 (( 0.576898 0 0) (0 0 -29.6431)))
(92.8929 (( 0.607784 0 0) (0 0 -29.2947)))
(92.993 (( 0.638243 0 0) (0 0 -28.8305)))
(93.0931 (( 0.668156 0 0) (0 0 -28.2525)))
(93.1932 (( 0.697405 0 0) (0 0 -27.5629)))
(93.2933 (( 0.725874 0 0) (0 0 -26.7644)))
(93.3934 (( 0.753451 0 0) (0 0 -25.8601)))
(93.4935 (( 0.780027 0 0) (0 0 -24.8537)))
(93.5936 (( 0.805496 0 0) (0 0 -23.7491)))
(93.6937 (( 0.829758 0 0) (0 0 -22.5507)))
(93.7938 (( 0.852718 0 0) (0 0 -21.2632)))
(93.8939 (( 0.874285 0 0) (0 0 -19.8917)))
(93.994 (( 0.894372 0 0) (0 0 -18.4416)))
(94.0941 (( 0.912902 0 0) (0 0 -16.9187)))
(94.1942 (( 0.929801 0 0) (0 0 -15.3289)))
(94.2943 (( 0.945002 0 0) (0 0 -13.6786)))
(94.3944 (( 0.958445 0 0) (0 0 -11.9743)))
(94.4945 (( 0.970076 0 0) (0 0 -10.2226)))
(94.5946 (( 0.979851 0 0) (0 0 -8.43055)))
(94.6947 (( 0.98773 0 0) (0 0 -6.6052)))
(94.7948 (( 0.993683 0 0) (0 0 -4.75376)))
(94.8949 (( 0.997685 0 0) (0 0 -2.88353)))
(94.995 (( 0.999721 0 0) (0 0 -1.00192)))
(95.0951 (( 0.999783 0 0) (0 0 0.883651)))
(95.1952 (( 0.997871 0 0) (0 0 2.76573)))
(95.2953 (( 0.993991 0 0) (0 0 4.63689)))
(95.3954 (( 0.988161 0 0) (0 0 6.48972)))
(95.4955 (( 0.980402 0 0) (0 0 8.31692)))
(95.5956 (( 0.970745 0 0) (0 0 10.1113)))
(95.6957 (( 0.959228 0 0) (0 0 11.8657)))
(95.7958 (( 0.945897 0 0) (0 0 13.5732)))
(95.8959 (( 0.930805 0 0) (0 0 15.2271)))
(95.996 (( 0.914011 0 0) (0 0 16.8209)))
(96.0961 (( 0.895582 0 0) (0 0 18.3482)))
(96.1962 (( 0.875589 0 0) (0 0 19.803)))
(96.2963 (( 0.854113 0 0) (0 0 21.1796)))
(96.3964 (( 0.831238 0 0) (0 0 22.4725)))
(96.4965 (( 0.807055 0 0) (0 0 23.6766)))
(96.5966 (( 0.781658 0 0) (0 0 24.7872)))
(96.6967 (( 0.755149 0 0) (0 0 25.7999)))
(96.7968 (( 0.727632 0 0) (0 0 26.7107)))
(96.8969 (( 0.699215 0 0) (0 0 27.516)))
(96.997 (( 0.670012 0 0) (0 0 28.2125)))
(97.0971 (( 0.640137 0 0) (0 0 28.7976)))
(97.1972 (( 0.609709 0 0) (0 0 29.2689)))
(97.2973 (( 0.578847 0 0) (0 0 29.6246)))
(97.3974 (( 0.547673 0 0) (0 0 29.8633)))
(97.4975 (( 0.516311 0 0) (0 0 29.984)))
(97.5976 (( 0.484885 0 0) (0 0 29.9863)))
(97.6977 (( 0.453519 0 0) (0 0 29.8701)))
(97.7978 (( 0.422336 0 0) (0 0 29.6359)))
(97.8979 (( 0.39146 0 0) (0 0 29.2846)))
(97.998 (( 0.361012 0 0) (0 0 28.8176)))
(98.0981 (( 0.331114 0 0) (0 0 28.2368)))
(98.1982 (( 0.301883 0 0) (0 0 27.5445)))
(98.2983 (( 0.273434 0 0) (0 0 26.7433)))
(98.3984 (( 0.245881 0 0) (0 0 25.8365)))
(98.4985 (( 0.219332 0 0) (0 0 24.8276)))
(98.5986 (( 0.193891 0 0) (0 0 23.7207)))
(98.6987 (( 0.169659 0 0) (0 0 22.52)))
(98.7988 (( 0.146733 0 0) (0 0 21.2304)))
(98.8989 (( 0.125202 0 0) (0 0 19.8569)))
(98.999 (( 0.105152 0 0) (0 0 18.4049)))
(99.0991 (( 0.0866611 0 0) (0 0 16.8803)))
(99.1992 (( 0.0698035 0 0) (0 0 15.2889)))
(99.2993 (( 0.0546453 0 0) (0 0 13.6372)))
(99.3994 (( 0.0412465 0 0) (0 0 11.9316)))
(99.4995 (( 0.02966 0 0) (0 0 10.1789)))
(99.5996 (( 0.0199315 0 0) (0 0 8.3859)))
(99.6997 (( 0.0120995 0 0) (0 0 6.55982)))
(99.7998 (( 0.00619493 0 0) (0 0 4.70782)))
(99.8999 (( 0.0022411 0 0) (0 0 2.83723)))
(100 (( 0.000253633 0 0) (0 0 0.955431)))
)
