/*--------------------------------*- C++ -*----------------------------------*\
| =========                 |                                                 |
| \\      /  F ield         | OpenFOAM: The Open Source CFD Toolbox           |
|  \\    /   O peration     | Version:  v1912                                 |
|   \\  /    A nd           | Website:  www.openfoam.com                      |
|    \\/     M anipulation  |                                                 |
\*---------------------------------------------------------------------------*/
FoamFile
{
    version     2.0;
    format      ascii;
    class       labelList;
    note        "nPoints:5100  nCells:2401  nFaces:9753  nInternalFaces:4807";
    location    "constant/polyMesh";
    object      neighbour;
}
// * * * * * * * * * * * * * * * * * * * * * * * * * * * * * * * * * * * * * //


4807
(
1
15
449
914
2
16
929
3
17
944
4
18
959
5
19
974
6
20
989
7
21
1004
8
22
1019
9
23
1034
10
24
1049
11
25
1064
12
26
1079
13
27
1094
14
28
1109
29
689
1124
16
30
434
17
31
18
32
19
33
20
34
21
35
22
36
23
37
24
38
25
39
26
40
27
41
28
42
29
43
44
704
31
45
419
32
46
33
47
34
48
35
49
36
50
37
51
38
52
39
53
40
54
41
55
42
56
43
57
44
58
59
719
46
60
404
47
61
48
62
1707
49
63
1710
50
64
1713
51
65
1716
52
66
1719
53
67
1722
54
68
1725
55
69
1728
56
70
1731
57
71
1734
58
72
1737
59
73
74
734
61
75
389
62
76
1705
2112
1705
1707
1707
1708
1710
1710
1711
1713
1713
1714
1716
1716
1717
1719
1719
1720
1722
1722
1723
1725
1725
1726
1728
1728
1729
1731
1731
1732
1734
1734
1735
1737
74
88
1736
1737
2115
89
749
76
90
374
2110
2110
2112
1492
1705
1861
1862
2112
1494
1708
1738
1740
1497
1711
1741
1743
1500
1714
1744
1746
1503
1717
1747
1749
1506
1720
1750
1752
1509
1723
1753
1755
1512
1726
1756
1758
1515
1729
1759
1761
1518
1732
1762
1764
1521
1735
1765
1767
1524
2113
2115
104
764
2114
2115
91
105
359
2116
2110
2116
2118
1492
1525
1951
1952
2118
1495
1527
1768
1770
1498
1530
1531
1533
1198
1501
1534
1536
1127
1504
1537
1539
1130
1507
1540
1542
1133
1510
1543
1545
1136
1513
1546
1548
1139
1516
1549
1551
1201
1519
1771
1773
1522
1554
2119
2121
104
118
1775
1776
2113
2114
119
779
106
120
344
2122
2116
2122
2124
1525
1555
1975
1976
2124
1528
1557
1777
1779
1196
1560
1561
1563
1125
1142
1202
1204
1128
1145
1205
1207
1131
1148
1208
1210
1134
1151
1211
1213
1137
1154
1214
1216
1157
1199
1219
1321
1481
1482
1160
1552
1780
1782
1566
1774
2125
2127
119
133
1784
1785
134
794
121
135
329
2128
2122
2128
2130
1555
1567
1999
2000
2130
1558
1569
1786
1788
1140
1572
1573
1575
1143
1222
1223
1225
1277
1146
1163
1226
1228
1286
1149
1166
1229
1231
1295
1152
1169
1232
1234
1304
1155
1172
1235
1237
1313
1158
1175
1576
1578
1240
1564
1789
1791
1581
1783
2131
2133
134
148
1793
1794
2139
149
809
136
150
314
2134
2128
2134
2136
1567
1582
2023
2024
2136
1570
1584
1795
1797
1220
1587
1798
1800
1161
1590
1801
1803
1164
1593
1804
1806
1167
1596
1807
1809
1170
1599
1810
1812
1173
1602
1813
1815
1238
1605
1816
1818
1579
1608
1819
1821
1611
1792
1822
1824
1614
2137
2139
164
824
2138
2139
151
165
299
152
166
1825
2134
2135
1582
1825
1827
1585
1827
1828
1830
2026
1588
1830
1831
1833
2035
1591
1833
1834
1836
2044
1594
1836
1837
1839
2053
1597
1839
1840
1842
2062
1600
1842
1843
1845
2071
1603
1845
1846
1848
2080
1606
1848
1849
1851
2089
1609
1851
1852
1854
2098
1612
1854
1855
1857
2107
164
178
1856
1857
2137
2138
179
839
166
180
284
167
181
168
182
1825
1826
169
183
1828
1829
170
184
1831
1832
171
185
1834
1835
172
186
1837
1838
173
187
1840
1841
174
188
1843
1844
175
189
1846
1847
176
190
1849
1850
177
191
1852
1853
178
192
1855
1856
179
193
194
854
181
195
269
182
196
183
197
184
198
185
199
186
200
187
201
188
202
189
203
190
204
191
205
192
206
193
207
194
208
209
869
196
210
254
197
211
198
212
199
213
200
214
201
215
202
216
203
217
204
218
205
219
206
220
207
221
208
222
209
223
224
884
211
239
674
212
659
213
644
214
629
215
614
216
599
217
584
218
569
219
554
220
539
221
524
222
509
223
494
224
479
464
899
226
240
660
227
241
661
228
242
662
229
243
663
230
244
664
231
245
665
232
246
666
233
247
667
234
248
668
235
249
669
236
250
670
237
251
671
238
252
672
239
253
673
254
674
241
255
242
256
243
257
244
258
245
259
246
260
247
261
248
262
249
263
250
264
251
265
252
266
253
267
254
268
269
256
270
257
271
258
272
259
273
260
274
261
275
262
276
263
277
264
278
265
279
266
280
267
281
268
282
269
283
284
271
285
272
286
273
287
274
288
275
289
276
290
277
291
278
292
279
293
280
294
281
295
282
296
283
297
284
298
299
286
300
287
301
288
302
289
303
290
304
291
305
292
306
293
307
294
308
295
309
296
310
297
311
298
312
299
313
314
301
315
302
316
303
317
304
318
305
319
306
320
307
321
308
322
309
323
310
324
311
325
312
326
313
327
314
328
329
316
330
317
331
318
332
319
333
320
334
321
335
322
336
323
337
324
338
325
339
326
340
327
341
328
342
329
343
344
331
345
332
346
333
347
334
348
335
349
336
350
337
351
338
352
339
353
340
354
341
355
342
356
343
357
344
358
359
346
360
347
361
348
362
349
363
350
364
351
365
352
366
353
367
354
368
355
369
356
370
357
371
358
372
359
373
374
361
375
362
376
363
377
364
378
365
379
366
380
367
381
368
382
369
383
370
384
371
385
372
386
373
387
374
388
389
376
390
377
391
378
392
379
393
380
394
381
395
382
396
383
397
384
398
385
399
386
400
387
401
388
402
389
403
404
391
405
392
406
393
407
394
408
395
409
396
410
397
411
398
412
399
413
400
414
401
415
402
416
403
417
404
418
419
406
420
407
421
408
422
409
423
410
424
411
425
412
426
413
427
414
428
415
429
416
430
417
431
418
432
419
433
434
421
435
422
436
423
437
424
438
425
439
426
440
427
441
428
442
429
443
430
444
431
445
432
446
433
447
434
448
449
436
900
437
901
438
902
439
903
440
904
441
905
442
906
443
907
444
908
445
909
446
910
447
911
448
912
449
913
914
451
465
885
452
466
886
453
467
887
454
468
888
455
469
889
456
470
890
457
471
891
458
472
892
459
473
893
460
474
894
461
475
895
462
476
896
463
477
897
464
478
898
479
899
466
480
467
481
468
482
469
483
470
484
471
485
472
486
473
487
474
488
475
489
476
490
477
491
478
492
479
493
494
481
495
482
496
483
497
484
498
485
499
486
500
487
501
488
502
489
503
490
504
491
505
492
506
493
507
494
508
509
496
510
497
511
498
512
499
513
500
514
501
515
502
516
503
517
504
518
505
519
506
520
507
521
508
522
509
523
524
511
525
512
526
513
527
514
528
515
529
516
530
517
531
518
532
519
533
520
534
521
535
522
536
523
537
524
538
539
526
540
527
541
528
542
529
543
530
544
531
545
532
546
533
547
534
548
535
549
536
550
537
551
538
552
539
553
554
541
555
542
556
543
557
544
558
545
559
546
560
547
561
548
562
549
563
550
564
551
565
552
566
553
567
554
568
569
556
570
557
571
558
572
559
573
560
574
561
575
562
576
563
577
564
578
565
579
566
580
567
581
568
582
569
583
584
571
585
572
586
573
587
574
588
575
589
576
590
577
591
578
592
579
593
580
594
581
595
582
596
583
597
584
598
599
586
600
587
601
588
602
589
603
590
604
591
605
592
606
593
607
594
608
595
609
596
610
597
611
598
612
599
613
614
601
615
602
616
603
617
604
618
605
619
606
620
607
621
608
622
609
623
610
624
611
625
612
626
613
627
614
628
629
616
630
617
631
618
632
619
633
620
634
621
635
622
636
623
637
624
638
625
639
626
640
627
641
628
642
629
643
644
631
645
632
646
633
647
634
648
635
649
636
650
637
651
638
652
639
653
640
654
641
655
642
656
643
657
644
658
659
646
660
647
661
648
662
649
663
650
664
651
665
652
666
653
667
654
668
655
669
656
670
657
671
658
672
659
673
674
661
662
663
664
665
666
667
668
669
670
671
672
673
674
676
690
1110
677
691
1111
678
692
1112
679
693
1113
680
694
1114
681
695
1115
682
696
1116
683
697
1117
684
698
1118
685
699
1119
686
700
1120
687
701
1121
688
702
1122
689
703
1123
704
1124
691
705
692
706
693
707
694
708
695
709
696
710
697
711
698
712
699
713
700
714
701
715
702
716
703
717
704
718
719
706
720
707
721
708
722
709
723
710
724
711
725
712
726
713
727
714
728
715
729
716
730
717
731
718
732
719
733
734
721
735
722
736
723
737
724
738
725
739
726
740
727
741
728
742
729
743
730
744
731
745
732
746
733
747
734
748
749
736
750
737
751
738
752
739
753
740
754
741
755
742
756
743
757
744
758
745
759
746
760
747
761
748
762
749
763
764
751
765
752
766
753
767
754
768
755
769
756
770
757
771
758
772
759
773
760
774
761
775
762
776
763
777
764
778
779
766
780
767
781
768
782
769
783
770
784
771
785
772
786
773
787
774
788
775
789
776
790
777
791
778
792
779
793
794
781
795
782
796
783
797
784
798
785
799
786
800
787
801
788
802
789
803
790
804
791
805
792
806
793
807
794
808
809
796
810
797
811
798
812
799
813
800
814
801
815
802
816
803
817
804
818
805
819
806
820
807
821
808
822
809
823
824
811
825
812
826
813
827
814
828
815
829
816
830
817
831
818
832
819
833
820
834
821
835
822
836
823
837
824
838
839
826
840
827
841
828
842
829
843
830
844
831
845
832
846
833
847
834
848
835
849
836
850
837
851
838
852
839
853
854
841
855
842
856
843
857
844
858
845
859
846
860
847
861
848
862
849
863
850
864
851
865
852
866
853
867
854
868
869
856
870
857
871
858
872
859
873
860
874
861
875
862
876
863
877
864
878
865
879
866
880
867
881
868
882
869
883
884
871
885
872
886
873
887
874
888
875
889
876
890
877
891
878
892
879
893
880
894
881
895
882
896
883
897
884
898
899
886
887
888
889
890
891
892
893
894
895
896
897
898
899
901
915
902
916
903
917
904
918
905
919
906
920
907
921
908
922
909
923
910
924
911
925
912
926
913
927
914
928
929
916
930
917
931
918
932
919
933
920
934
921
935
922
936
923
937
924
938
925
939
926
940
927
941
928
942
929
943
944
931
945
932
946
933
947
934
948
935
949
936
950
937
951
938
952
939
953
940
954
941
955
942
956
943
957
944
958
959
946
960
947
961
948
962
949
963
950
964
951
965
952
966
953
967
954
968
955
969
956
970
957
971
958
972
959
973
974
961
975
962
976
963
977
964
978
965
979
966
980
967
981
968
982
969
983
970
984
971
985
972
986
973
987
974
988
989
976
990
977
991
978
992
979
993
980
994
981
995
982
996
983
997
984
998
985
999
986
1000
987
1001
988
1002
989
1003
1004
991
1005
992
1006
993
1007
994
1008
995
1009
996
1010
997
1011
998
1012
999
1013
1000
1014
1001
1015
1002
1016
1003
1017
1004
1018
1019
1006
1020
1007
1021
1008
1022
1009
1023
1010
1024
1011
1025
1012
1026
1013
1027
1014
1028
1015
1029
1016
1030
1017
1031
1018
1032
1019
1033
1034
1021
1035
1022
1036
1023
1037
1024
1038
1025
1039
1026
1040
1027
1041
1028
1042
1029
1043
1030
1044
1031
1045
1032
1046
1033
1047
1034
1048
1049
1036
1050
1037
1051
1038
1052
1039
1053
1040
1054
1041
1055
1042
1056
1043
1057
1044
1058
1045
1059
1046
1060
1047
1061
1048
1062
1049
1063
1064
1051
1065
1052
1066
1053
1067
1054
1068
1055
1069
1056
1070
1057
1071
1058
1072
1059
1073
1060
1074
1061
1075
1062
1076
1063
1077
1064
1078
1079
1066
1080
1067
1081
1068
1082
1069
1083
1070
1084
1071
1085
1072
1086
1073
1087
1074
1088
1075
1089
1076
1090
1077
1091
1078
1092
1079
1093
1094
1081
1095
1082
1096
1083
1097
1084
1098
1085
1099
1086
1100
1087
1101
1088
1102
1089
1103
1090
1104
1091
1105
1092
1106
1093
1107
1094
1108
1109
1096
1110
1097
1111
1098
1112
1099
1113
1100
1114
1101
1115
1102
1116
1103
1117
1104
1118
1105
1119
1106
1120
1107
1121
1108
1122
1109
1123
1124
1111
1112
1113
1114
1115
1116
1117
1118
1119
1120
1121
1122
1123
1124
1197
1204
1241
1243
1128
1145
1244
1246
1283
1502
1615
1617
1207
1247
1249
1131
1148
1250
1252
1292
1505
1618
1620
1210
1253
1255
1134
1151
1256
1258
1301
1508
1621
1623
1213
1259
1261
1137
1154
1262
1264
1310
1511
1624
1626
1216
1265
1267
1157
1199
1268
1270
1319
1514
1627
1629
1559
1630
1632
1143
1222
1273
1279
1484
1485
1197
1202
1274
1486
1487
1277
1279
1146
1163
1280
1282
1283
1285
1286
1288
1149
1166
1289
1291
1292
1294
1295
1297
1152
1169
1298
1300
1301
1303
1304
1306
1155
1172
1307
1309
1310
1312
1313
1315
1158
1175
1316
1318
1319
1321
1316
1322
1489
1490
1240
1564
1633
1635
1200
1636
1638
1221
1639
1641
1164
1593
1642
1644
1282
1325
1327
1645
1647
1167
1596
1648
1650
1291
1328
1330
1651
1653
1170
1599
1654
1656
1300
1331
1333
1657
1659
1173
1602
1660
1662
1309
1334
1336
1663
1665
1238
1605
1666
1668
1318
1337
1339
1183
1241
1344
1346
1186
1247
1351
1353
1189
1253
1358
1360
1192
1259
1365
1367
1195
1265
1372
1374
1182
1225
1375
1377
1325
1386
1388
1246
1389
1391
1185
1228
1396
1398
1328
1407
1409
1252
1410
1412
1188
1231
1417
1419
1331
1428
1430
1258
1431
1433
1191
1234
1438
1440
1334
1449
1451
1264
1452
1454
1194
1237
1459
1461
1337
1470
1472
1270
1473
1475
1529
1669
1671
1672
1674
1499
1675
1677
1678
1680
1552
1681
1683
1517
1684
1686
1203
1341
1204
1340
1345
1344
1206
1285
1348
1207
1347
1352
1351
1209
1294
1355
1210
1354
1359
1358
1212
1303
1362
1213
1361
1366
1365
1215
1312
1369
1216
1368
1373
1372
1324
1480
1482
2263
1219
1323
1480
1481
1637
1636
1678
1571
1687
1689
1590
1690
1692
1693
1695
1224
1641
1695
1225
1326
1640
1325
1377
1227
1327
1647
1228
1329
1646
1328
1398
1230
1330
1653
1231
1332
1652
1331
1419
1233
1333
1659
1234
1335
1658
1334
1440
1236
1336
1665
1237
1338
1664
1337
1461
1696
1698
1579
1608
1699
1701
1702
1704
1242
1246
1344
1243
1245
1535
1534
1672
1245
1249
1617
1246
1616
1391
1248
1252
1351
1249
1251
1538
1537
1251
1255
1620
1252
1619
1412
1254
1258
1358
1255
1257
1541
1540
1257
1261
1623
1258
1622
1433
1260
1264
1365
1261
1263
1544
1543
1263
1267
1626
1264
1625
1454
1266
1270
1372
1267
1269
1547
1546
1269
1629
1680
1270
1628
1475
1276
1483
1485
2158
1273
1275
1483
1484
1631
1630
1693
1275
1563
1674
1487
1488
1562
1486
1488
2149
1278
1377
1279
1376
1381
1380
1281
1288
1383
1282
1382
1387
1386
1284
1391
1285
1390
1395
1394
1287
1398
1288
1397
1402
1401
1290
1297
1404
1291
1403
1408
1407
1293
1412
1294
1411
1416
1415
1296
1419
1297
1418
1423
1422
1299
1306
1425
1300
1424
1429
1428
1302
1433
1303
1432
1437
1436
1305
1440
1306
1439
1444
1443
1308
1315
1446
1309
1445
1450
1449
1311
1454
1312
1453
1458
1457
1314
1461
1315
1460
1465
1464
1317
1467
1318
1466
1471
1470
1320
1475
1321
1474
1479
1478
1323
1578
1635
1490
1491
1634
1489
1491
2272
1326
1386
1327
1643
1642
1329
1407
1330
1649
1648
1332
1428
1333
1655
1654
1335
1449
1336
1661
1660
1338
1470
1339
1667
1576
1666
1341
1343
2281
1486
2152
1343
1346
1393
2155
1345
2284
1345
1346
1389
1348
1350
2305
1394
2179
1350
1353
1414
2182
1352
2308
1352
1353
1410
1355
1357
2329
1415
2203
1357
1360
1435
2206
1359
2332
1359
1360
1431
1362
1364
2353
1436
2227
1364
1367
1456
2230
1366
2356
1366
1367
1452
1369
1371
2377
1457
2251
1371
1374
1477
2254
1373
2380
1373
1374
1473
1376
1379
1388
1377
1378
1379
1381
2290
1384
2164
1381
1485
2161
2287
1383
1385
2299
1401
2173
1385
1388
2176
1387
2302
1387
1388
1390
1393
1391
1392
1393
1395
2296
2170
1395
2167
2293
1397
1400
1409
1398
1399
1400
1402
2314
1405
2188
1402
2185
2311
1404
1406
2323
1422
2197
1406
1409
2200
1408
2326
1408
1409
1411
1414
1412
1413
1414
1416
2320
2194
1416
2191
2317
1418
1421
1430
1419
1420
1421
1423
2338
1426
2212
1423
2209
2335
1425
1427
2347
1443
2221
1427
1430
2224
1429
2350
1429
1430
1432
1435
1433
1434
1435
1437
2344
2218
1437
2215
2341
1439
1442
1451
1440
1441
1442
1444
2362
1447
2236
1444
2233
2359
1446
1448
2371
1464
2245
1448
1451
2248
1450
2374
1450
1451
1453
1456
1454
1455
1456
1458
2368
2242
1458
2239
2365
1460
1463
1472
1461
1462
1463
1465
2386
1468
2260
1465
2257
2383
1467
1469
2395
1489
2275
1469
1472
2278
1471
2398
1471
1472
1474
1477
1475
1476
1477
1479
2392
2269
1479
1482
2266
2389
1481
1491
1482
1484
1488
1485
1487
1488
1490
1491
1859
1860
2111
1495
1527
1858
1860
1706
1861
1863
1864
1866
1498
1530
1867
1869
1709
1870
1872
1873
1875
1501
1876
1878
1712
1879
1881
1882
1884
1504
1885
1887
1715
1888
1890
1891
1893
1507
1894
1896
1718
1897
1899
1900
1902
1510
1903
1905
1721
1906
1908
1909
1911
1513
1912
1914
1724
1915
1917
1918
1920
1516
1921
1923
1727
1924
1926
1927
1929
1519
1930
1932
1730
1933
1935
1936
1938
1522
1554
1939
1941
1733
1942
1944
1945
1947
1524
1776
1945
1946
2113
1736
1766
1767
1949
1950
2117
1528
1557
1948
1950
1951
1953
1954
1956
1560
1957
1959
1960
1962
1532
1671
1962
1533
1670
1676
1675
1873
1535
1677
1536
1616
1615
1882
1538
1617
1539
1619
1618
1891
1541
1620
1542
1622
1621
1900
1544
1623
1545
1625
1624
1909
1547
1626
1548
1628
1627
1918
1550
1629
1680
1551
1679
1685
1684
1927
1963
1965
1566
1774
1966
1968
1969
1971
1973
1974
2123
1558
1569
1972
1974
1975
1977
1978
1980
1572
1981
1983
1984
1986
1562
1632
1986
1563
1631
1669
1987
1989
1581
1783
1990
1992
1993
1995
1997
1998
2129
1570
1584
1996
1998
1999
2001
2002
2004
1587
2005
2007
2008
2010
1574
1689
2010
1575
1688
1694
1630
1693
1577
1698
1578
1697
1703
1702
2011
2013
1611
1792
2014
2016
2017
2019
2021
2022
2135
1585
1827
2020
2022
2023
2025
2026
2028
1588
1830
2029
2031
2032
2034
2035
2037
1591
1833
2038
2040
2041
2043
2044
2046
1594
1836
2047
2049
2050
2052
2053
2055
1597
1839
2056
2058
2059
2061
2062
2064
1600
1842
2065
2067
2068
2070
2071
2073
1603
1845
2074
2076
2077
2079
2080
2082
1606
1848
2083
2085
2086
2088
2089
2091
1609
1851
2092
2094
2095
2097
2098
2100
1612
1854
2101
2103
2104
2106
2107
2109
1614
1857
2107
2108
2137
1793
1823
1824
1616
1887
1617
1619
1896
1620
1622
1905
1623
1625
1914
1626
1628
1923
1629
1631
1632
1981
1634
1638
1989
1635
1637
1702
1637
1683
1638
1780
1640
1644
1803
1641
1643
1690
1643
1647
1644
2050
1646
1650
1806
1647
1649
1649
1653
1650
2059
1652
1656
1809
1653
1655
1655
1659
1656
2068
1658
1662
1812
1659
1661
1661
1665
1662
2077
1664
1668
1815
1665
1667
1667
1698
1668
2086
1670
1674
1671
1673
1957
1673
1677
1674
1676
1676
1878
1677
1679
1683
1680
1682
1682
1686
1965
1683
1685
1685
1932
1686
1771
1688
1692
1800
1689
1691
2005
1691
1695
1692
1694
2041
1694
1695
1697
1701
1818
1698
1700
1700
1704
2013
1701
1703
2095
1703
1704
1789
1706
1707
1708
1861
1709
1740
1710
1711
1870
1712
1743
1713
1714
1879
1715
1746
1716
1717
1888
1718
1749
1719
1720
1897
1721
1752
1722
1723
1906
1724
1755
1725
1726
1915
1727
1758
1728
1729
1924
1730
1761
1731
1732
1933
1733
1764
1734
1735
1942
1736
1767
1737
1739
1863
1866
1740
1865
1871
1870
1742
1872
1875
1743
1874
1880
1879
1745
1881
1884
1746
1883
1889
1888
1748
1890
1893
1749
1892
1898
1897
1751
1899
1902
1752
1901
1907
1906
1754
1908
1911
1755
1910
1916
1915
1757
1917
1920
1758
1919
1925
1924
1760
1926
1929
1761
1928
1934
1933
1763
1935
1938
1764
1937
1943
1942
1766
1944
1947
1767
1946
1769
1953
1956
1770
1955
1961
1864
1960
1772
1965
1773
1964
1970
1936
1969
2140
2142
1776
1785
2140
2141
2120
2121
1778
1977
1980
1779
1979
1985
1954
1984
1781
1989
1782
1988
1994
1963
1993
2143
2145
1785
1794
2143
2144
2126
2127
1787
2001
2004
1788
2003
2009
1978
2008
1790
2013
1791
2012
2018
1987
2017
2146
2148
1794
2146
2147
2132
2133
1796
2025
2028
1797
2027
2033
2002
2032
1799
2034
2037
1800
2036
2042
2041
1802
2043
2046
1803
2045
2051
2050
1805
2052
2055
1806
2054
2060
2059
1808
2061
2064
1809
2063
2069
2068
1811
2070
2073
1812
2072
2078
2077
1814
2079
2082
1815
2081
2087
2086
1817
2088
2091
1818
2090
2096
2095
1820
2097
2100
1821
2099
2105
2011
2104
1823
2106
2109
1824
2108
2146
1826
1827
1828
2022
1829
1830
1831
2031
1832
1833
1834
2040
1835
1836
1837
2049
1838
1839
1840
2058
1841
1842
1843
2067
1844
1845
1846
2076
1847
1848
1849
2085
1850
1851
1852
2094
1853
1854
1855
2103
1856
1857
1859
1863
1866
1860
1862
1951
1862
1863
1865
1869
1866
1868
1868
1872
1875
1869
1871
1960
1871
1872
1874
1878
1875
1877
1877
1881
1884
1878
1880
1880
1881
1883
1887
1884
1886
1886
1890
1893
1887
1889
1889
1890
1892
1896
1893
1895
1895
1899
1902
1896
1898
1898
1899
1901
1905
1902
1904
1904
1908
1911
1905
1907
1907
1908
1910
1914
1911
1913
1913
1917
1920
1914
1916
1916
1917
1919
1923
1920
1922
1922
1926
1929
1923
1925
1925
1926
1928
1932
1929
1931
1931
1935
1938
1932
1934
1934
1935
1937
1941
1938
1940
1940
1944
1947
1941
1943
1969
1943
1944
1946
2121
1947
1949
1953
1956
1950
1952
1975
1952
1953
1955
1959
1956
1958
1958
1962
1959
1961
1984
1961
1962
1964
1968
1965
1967
1967
1971
2142
1968
1970
1993
1970
1971
2119
1973
1977
1980
1974
1976
1999
1976
1977
1979
1983
1980
1982
1982
1986
1983
1985
2008
1985
1986
1988
1992
1989
1991
1991
1995
2145
1992
1994
2017
1994
1995
2125
1997
2001
2004
1998
2000
2023
2000
2001
2003
2007
2004
2006
2006
2010
2007
2009
2032
2009
2010
2012
2016
2013
2015
2015
2019
2148
2016
2018
2104
2018
2019
2131
2021
2025
2028
2022
2024
2024
2025
2027
2031
2028
2030
2030
2034
2037
2031
2033
2033
2034
2036
2040
2037
2039
2039
2043
2046
2040
2042
2042
2043
2045
2049
2046
2048
2048
2052
2055
2049
2051
2051
2052
2054
2058
2055
2057
2057
2061
2064
2058
2060
2060
2061
2063
2067
2064
2066
2066
2070
2073
2067
2069
2069
2070
2072
2076
2073
2075
2075
2079
2082
2076
2078
2078
2079
2081
2085
2082
2084
2084
2088
2091
2085
2087
2087
2088
2090
2094
2091
2093
2093
2097
2100
2094
2096
2096
2097
2099
2103
2100
2102
2102
2106
2109
2103
2105
2105
2106
2108
2109
2111
2112
2118
2114
2115
2117
2118
2124
2120
2142
2121
2141
2123
2124
2130
2126
2145
2127
2144
2140
2129
2130
2136
2132
2148
2133
2147
2143
2135
2136
2138
2139
2141
2142
2144
2145
2147
2148
2150
2152
2158
2151
2153
2159
2154
2160
2153
2281
2154
2282
2283
2156
2170
2284
2157
2171
2285
2172
2286
2159
2161
2160
2162
2163
2162
2287
2163
2288
2289
2165
2176
2290
2166
2177
2291
2178
2292
2168
2179
2293
2169
2180
2294
2181
2295
2171
2296
2172
2297
2298
2174
2185
2299
2175
2186
2300
2187
2301
2177
2302
2178
2303
2304
2180
2305
2181
2306
2307
2183
2194
2308
2184
2195
2309
2196
2310
2186
2311
2187
2312
2313
2189
2200
2314
2190
2201
2315
2202
2316
2192
2203
2317
2193
2204
2318
2205
2319
2195
2320
2196
2321
2322
2198
2209
2323
2199
2210
2324
2211
2325
2201
2326
2202
2327
2328
2204
2329
2205
2330
2331
2207
2218
2332
2208
2219
2333
2220
2334
2210
2335
2211
2336
2337
2213
2224
2338
2214
2225
2339
2226
2340
2216
2227
2341
2217
2228
2342
2229
2343
2219
2344
2220
2345
2346
2222
2233
2347
2223
2234
2348
2235
2349
2225
2350
2226
2351
2352
2228
2353
2229
2354
2355
2231
2242
2356
2232
2243
2357
2244
2358
2234
2359
2235
2360
2361
2237
2248
2362
2238
2249
2363
2250
2364
2240
2251
2365
2241
2252
2366
2253
2367
2243
2368
2244
2369
2370
2246
2257
2371
2247
2258
2372
2259
2373
2249
2374
2250
2375
2376
2252
2377
2253
2378
2379
2255
2269
2380
2256
2270
2381
2271
2382
2258
2383
2259
2384
2385
2261
2278
2386
2262
2279
2387
2280
2388
2264
2266
2272
2265
2267
2273
2268
2274
2267
2389
2268
2390
2391
2270
2392
2271
2393
2394
2273
2275
2274
2276
2277
2276
2395
2277
2396
2397
2279
2398
2280
2399
2400
2282
2284
2283
2285
2286
2285
2286
2288
2290
2289
2291
2292
2291
2292
2294
2296
2295
2297
2298
2297
2298
2300
2302
2301
2303
2304
2303
2304
2306
2308
2307
2309
2310
2309
2310
2312
2314
2313
2315
2316
2315
2316
2318
2320
2319
2321
2322
2321
2322
2324
2326
2325
2327
2328
2327
2328
2330
2332
2331
2333
2334
2333
2334
2336
2338
2337
2339
2340
2339
2340
2342
2344
2343
2345
2346
2345
2346
2348
2350
2349
2351
2352
2351
2352
2354
2356
2355
2357
2358
2357
2358
2360
2362
2361
2363
2364
2363
2364
2366
2368
2367
2369
2370
2369
2370
2372
2374
2373
2375
2376
2375
2376
2378
2380
2379
2381
2382
2381
2382
2384
2386
2385
2387
2388
2387
2388
2390
2392
2391
2393
2394
2393
2394
2396
2398
2397
2399
2400
2399
2400
)


// ************************************************************************* //
